nep4 1 P 
cutoff 8 5 220 53
n_max 12 8
basis_size 8 8
l_max 4 2 0
ANN 40 0
 -4.8918557e-01
  2.0276727e-01
  1.3971473e+00
  8.3421421e-01
 -6.4284134e-01
 -1.7028072e+00
 -4.2686391e+00
 -1.4427829e+00
 -9.8951262e-01
 -3.0022288e-02
  1.3652377e+00
  1.3440864e+00
 -6.4307541e-01
 -1.3582085e+00
 -1.4890797e+00
  9.8209006e-01
  2.3173437e+00
  4.2707911e-01
 -1.0525537e+00
 -5.3378254e-01
 -1.7393678e+00
  3.3846655e-01
 -5.6657869e-01
 -9.4423729e-01
 -1.1420431e+00
  1.1705059e+00
  1.8030235e-01
 -4.6308157e-01
  7.2897613e-01
 -1.2638226e+00
 -9.2907578e-01
  2.7026239e-01
  1.6787316e+00
 -7.3317248e-01
  4.6968865e-01
 -3.6828010e+00
  3.4747052e-01
  6.8549943e-01
  2.1843841e+00
  2.8122875e-01
  2.0458109e+00
  7.1365887e-01
  7.8788513e-01
 -2.8595015e-01
  5.0939816e-01
 -2.2205158e-01
  1.2193276e-01
  1.7931422e+00
 -6.2032700e-01
 -3.8560033e+00
 -1.2892119e+00
 -1.7585657e+00
 -5.0302911e-01
 -3.0926937e-01
 -6.1930281e-01
 -9.8253921e-02
 -3.6666507e-01
  1.2252623e-01
 -6.9368476e-01
  2.9319391e-01
 -6.9541678e-02
  2.2415421e+00
 -7.8461871e-02
 -5.4028767e-01
 -2.0464871e+00
 -1.6623333e+00
 -2.1796308e+00
  1.0210065e+00
  1.2662845e+00
  3.9215219e+00
 -2.9128802e-01
 -6.0674667e-01
  2.2125536e-01
  4.8655099e-01
  1.3868005e+00
 -2.6870303e+00
  1.1953210e+00
  1.1772790e+00
  1.5336443e-01
  7.8461367e-01
 -2.1438231e+00
  1.1597509e-01
  1.0346218e+00
  3.3279586e-01
 -1.1763113e+00
  2.2820745e-01
 -1.6407327e-01
  3.2993948e-01
 -1.7580981e+00
 -2.0347295e+00
 -1.2048196e+00
 -1.4712827e+00
  1.4192345e+00
  2.0086465e+00
  1.9791461e+00
  9.8575455e-01
 -5.0769454e-01
 -7.4854684e-01
  1.6539513e+00
  2.3592462e-01
 -1.2791605e+00
 -1.0620363e+00
 -2.0853926e-01
 -7.5579387e-01
 -1.1387521e+00
  6.8859327e-01
 -6.3004494e-01
 -6.6229635e-01
  2.9168978e+00
 -1.9974247e+00
 -1.6813399e-01
 -9.0702021e-01
  6.0562277e-01
 -1.1052138e+00
  1.4078605e+00
  1.1721307e+00
 -2.7430546e-01
  5.8868599e-01
 -2.8704271e+00
  9.2816859e-01
 -3.3013254e-01
 -1.4242316e+00
 -2.8422511e+00
 -1.0247124e+00
  1.0486997e+00
  7.4579471e-01
 -1.2886934e+00
  9.7046667e-01
 -3.1643865e-01
  6.5586174e-01
 -7.4269080e-01
  9.2342854e-01
  6.2888044e-01
 -5.9145141e-01
 -1.1300696e+00
 -8.3626813e-01
  3.8750665e+00
  4.3289304e-01
 -6.0477501e-01
 -2.3057983e+00
  4.4534382e-01
  4.2431024e-01
 -1.2159903e-01
 -1.2636091e-01
 -4.1587150e-01
  7.5170392e-01
 -9.7402787e-01
  2.8075299e-01
 -1.0259362e+00
  4.1657391e-01
 -6.8222398e-01
  8.0503887e-01
  5.1011201e-03
 -1.1838182e+00
 -5.6222326e-01
  5.8991295e-01
  2.2341774e+00
 -2.4041258e-02
 -1.2227210e+00
  1.8119521e-01
 -3.3162627e-01
  1.9840020e+00
 -5.4894227e-01
  1.7775168e+00
 -1.6010370e+00
 -4.2992344e-01
  1.2215508e+00
  6.6768765e-01
  7.8545994e-01
  6.7769223e-01
 -9.3007082e-01
 -3.5874560e-02
  1.7695396e-01
  6.9610018e-01
  9.9068284e-01
 -2.2999693e-01
  9.9437279e-01
 -3.8163513e-01
 -6.5689254e-01
 -6.8695061e-02
 -2.7618272e-02
 -3.8891974e-01
 -3.0613041e-01
  1.9648920e+00
 -8.9981288e-01
  7.1313018e-01
  5.6472987e-01
  5.7354313e-01
  1.0264188e+00
  2.0527697e+00
 -6.8361050e-01
 -1.4472162e-02
 -1.5510726e+00
  3.0771971e-01
  7.7827811e-01
  2.0389502e-01
  4.1781273e-01
  3.1339366e-02
  2.1897733e+00
  6.8907654e-01
 -8.9157659e-01
  2.3635986e-01
 -6.0818660e-01
 -8.4618849e-01
  6.4783424e-01
 -1.3429106e+00
 -2.3258209e-01
 -1.6437876e+00
 -2.9985561e+00
 -8.2512128e-01
 -1.5346880e-01
 -1.5611264e+00
 -1.6591493e+00
 -8.2511717e-01
 -6.0386211e-01
 -2.2302570e+00
 -1.9009343e+00
 -8.9562809e-01
 -5.3839951e+00
 -1.4332694e+00
 -2.4981272e-01
 -1.2940928e+00
  3.9595813e-01
  5.0659144e-01
 -1.6320206e+00
 -1.6349545e+00
  5.1878005e-01
  5.8074993e-01
 -4.6421495e-01
  2.3033402e+00
 -2.0527687e+00
 -7.2754127e-01
  4.1620064e-01
  3.5760880e-02
  4.2376181e-01
 -4.7947332e-01
 -1.1103843e+00
  6.2089884e-01
 -9.6372998e-01
 -1.2653264e+00
 -1.2753260e+00
 -2.1539138e-01
  2.6630273e+00
 -8.7857586e-01
 -6.6453636e-02
  5.3973973e-01
  2.5064906e-01
 -3.7586683e-01
  1.1349038e+00
  2.7799481e-01
 -1.3111423e-01
 -2.6050932e+00
  2.4233212e+00
 -3.9552891e-01
  3.8020241e-01
 -1.4859401e+00
 -9.6687609e-01
 -8.5540223e-01
 -1.0954374e+00
  2.7906767e-01
  1.9556497e+00
  5.1783818e-01
 -3.0526018e-01
 -1.6305226e+00
  2.6790449e-02
 -1.3423926e+00
 -2.1896849e+00
  6.4206988e-02
  3.7406579e-01
 -7.9626948e-01
 -6.5707952e-01
 -1.2265052e+00
  1.1500076e+00
  1.4682328e+00
 -4.8668456e-01
  7.5802970e-01
 -8.0121171e-01
  2.1800280e+00
  1.5470512e+00
  1.1976759e+00
  1.5505261e+00
 -6.6584699e-02
 -2.1655123e+00
  5.0183643e-02
  2.4647183e+00
 -2.0136284e-02
  1.1248448e-01
  6.1801505e-01
 -7.7771246e-01
  5.4083651e-01
  1.5617175e-01
  5.4450870e-01
 -1.2122104e+00
  9.9955380e-01
 -3.4859318e-01
 -3.3773625e-01
 -2.3775589e+00
  1.0692579e+00
 -1.2346231e+00
 -5.2363354e-01
  9.2129385e-01
  7.8514427e-01
 -3.6545348e-01
 -5.2301198e-01
  2.0194793e+00
 -1.1341645e+00
  8.9727235e-01
  5.3770435e-01
  4.0575095e-02
 -7.6713043e-01
  1.2474422e+00
  1.4918727e+00
 -2.1973820e+00
 -1.3654249e+00
 -1.8396651e+00
 -7.6476759e-01
  2.0584338e+00
  2.4103801e-01
  8.2069314e-01
  5.7752794e-03
  7.0605409e-01
  1.5539360e-01
 -3.1102866e-01
  1.9577584e+00
 -4.8851216e-01
 -1.1339179e+00
  1.6605440e+00
 -1.0534935e+00
  8.3399534e-01
 -3.9919630e-01
 -1.2067469e-01
 -6.3682014e-01
 -1.0821551e+00
 -9.9931926e-02
  4.4780976e-01
 -9.3423349e-01
  4.4242987e-01
 -5.1195502e-01
 -1.6893697e-01
 -8.8091064e-03
 -5.1610671e-02
  5.6336749e-01
 -5.4906112e-01
  1.8079873e+00
 -2.4219033e-01
 -9.5821452e-01
 -7.8773272e-01
  1.7743558e+00
 -1.4865617e+00
  1.4091429e+00
 -4.8182124e-01
  6.0429996e-01
 -2.7196548e+00
  1.2869704e-01
 -1.1008180e+00
  1.8944313e-01
  6.9043541e-01
  2.3475528e-01
  1.1445893e+00
  1.6533850e+00
 -1.2644287e+00
 -1.3820037e+00
  8.5213524e-01
 -1.0178790e+00
  7.0649999e-01
 -6.1259460e-01
  3.2318738e-01
 -2.8430852e-01
  3.2970881e-01
 -9.4211787e-01
 -2.3497133e-01
 -1.3238430e-01
  1.2835090e-01
  1.3599952e-01
 -2.5780940e+00
 -7.8776413e-01
 -9.2361522e-01
  1.8237031e+00
  1.7426128e+00
  6.5272295e-01
 -8.9245123e-01
  2.0905824e+00
  7.3314172e-01
 -6.1967868e-01
 -1.8246918e+00
 -2.4839754e-01
  1.2018299e+00
 -2.0488524e+00
  7.8223836e-01
 -1.9099399e-01
  2.7795166e-01
 -3.2491943e-01
  5.6838280e-01
 -3.4130713e-01
  9.2308599e-01
 -1.4193288e+00
  1.5826105e-01
 -1.3851986e+00
  4.9398705e-01
  1.5474881e+00
  2.6799347e-02
  2.3169983e-02
 -4.2637649e-01
  9.7890824e-01
 -2.5754218e+00
  8.3488178e-01
  2.0797634e+00
  1.0642038e-01
  8.9728934e-01
  3.5068804e-01
 -2.6344101e+00
 -6.1812975e-02
 -1.3804075e+00
  1.0532624e+00
 -3.8264316e-02
  2.6445167e+00
 -8.6427951e-01
  1.0261397e+00
 -8.7435120e-01
  6.4240640e-01
 -2.0095840e+00
  8.7720037e-01
  2.4992053e-01
 -8.7262619e-01
 -3.4310070e-01
 -1.8813299e-01
 -1.5018176e+00
 -7.7937067e-01
 -1.7236142e+00
 -3.9133388e-01
 -2.6885659e-01
  1.0150764e+00
 -3.4351647e-02
 -1.7803806e+00
  6.1632341e-01
 -1.0121529e+00
  1.4755691e+00
 -7.4871665e-01
 -1.6419065e-01
 -3.7933695e-01
 -1.2540457e+00
  2.2971394e+00
  1.6778281e+00
 -1.3023185e+00
 -4.2698684e-01
 -2.6122477e+00
 -1.0647727e+00
  1.6119021e+00
  2.1598656e-01
 -9.0824440e-02
  1.2738349e+00
 -1.0592527e+00
  1.7182847e+00
 -5.6800312e-01
 -9.3905371e-01
  1.9408145e+00
 -3.0454281e-01
 -6.4709163e-01
 -1.8859797e+00
 -1.8168647e+00
 -3.0709841e+00
 -1.4947184e+00
 -9.0473151e-01
  2.4388041e+00
 -3.8411227e-01
 -1.0665857e+00
 -2.8251264e+00
  7.7150887e-01
 -3.4184859e+00
 -1.2460953e-01
  8.3767787e-02
 -2.4312508e+00
 -3.7792265e-01
 -1.4967604e+00
  1.7283781e+00
  7.6195545e-02
  5.3607565e-01
  1.7443836e+00
 -1.2350355e+00
  1.6456333e+00
 -1.6814268e-01
  1.7748945e+00
 -3.8276488e-01
 -6.8537068e-01
  1.4428604e-01
  1.5752589e+00
 -3.0713096e-01
  1.5643121e+00
 -1.8367718e+00
  1.1659609e+00
 -2.2943610e-01
  1.7944181e+00
  1.5598284e+00
 -7.0509171e-01
 -1.5053089e+00
  1.2096386e+00
 -9.4704427e-02
 -2.4223641e-01
 -2.4204999e-01
  2.0796306e-02
  1.7392191e+00
 -2.1535191e-01
  4.9029484e-01
  3.2070499e-02
 -5.5090612e-01
 -3.4819156e-01
  5.7820046e-01
 -4.0998623e-01
  1.8897127e-01
  7.9591846e-01
 -1.6213789e+00
 -4.8489261e-01
  1.0447507e+00
  1.0477647e+00
  9.3368217e-02
 -1.5101581e+00
 -1.8419348e+00
 -1.0387277e-01
 -1.7314881e+00
 -2.5289049e+00
 -1.4391236e+00
 -1.5186479e+00
  1.1753615e+00
 -2.1313648e+00
  1.2913880e-01
  5.0357121e-01
 -3.8259633e-02
 -5.4534465e-01
  1.0892802e-03
  3.5186538e-01
  1.2124557e+00
  9.1302353e-01
 -4.6857440e-01
  1.9533077e+00
 -2.9072946e-01
 -3.4629092e+00
 -2.5797906e+00
 -1.5092484e+00
 -1.8622328e+00
  2.1945727e+00
  1.2768026e-01
  1.5623902e-01
 -7.0155740e-02
  3.0103442e-01
  1.5645047e+00
  5.4513270e-01
 -1.8469825e+00
  1.8328351e-01
 -1.1983498e+00
  9.3440801e-01
  3.3513474e-01
  5.2639383e-01
  4.3205607e-01
  2.9765767e-01
 -1.0933930e-01
  1.6813316e+00
 -1.2925125e+00
  6.9386762e-01
  6.3451463e-01
  1.6210104e+00
 -2.0040386e+00
  2.5598378e+00
  1.4516202e-01
  1.2595949e+00
 -1.3370054e+00
 -1.3301717e+00
  2.1484688e-01
 -8.3890682e-01
  5.4249853e-01
 -4.5255446e-01
  2.9655772e-01
 -1.1522046e+00
 -2.4927628e-01
 -1.7083026e+00
  1.1291970e+00
 -1.2519832e+00
  1.1061835e+00
  3.8015044e-01
 -4.2838165e-01
 -5.8698088e-01
 -2.8936386e-01
  1.0843189e+00
 -1.7249279e+00
  1.9684696e+00
 -4.0412420e-01
  2.3995886e+00
  1.1510342e+00
  1.5382838e+00
 -7.2843736e-01
 -8.2938230e-01
 -1.2504869e+00
  9.4767153e-02
  1.8820108e-01
 -1.1535491e+00
 -1.3274009e+00
  5.1726848e-01
 -3.0816770e-01
 -1.1569102e-01
  2.2425532e-01
  1.1937481e+00
 -8.8119662e-01
  3.4999192e-01
  1.0847670e+00
  6.6149056e-01
 -8.0685101e-02
 -8.1196356e-01
  1.5210676e-01
 -1.0317899e+00
 -2.4159305e+00
  7.2335251e-02
  6.6992497e-01
 -4.9508759e-01
 -1.6066702e-02
 -5.1325685e-01
  2.4442546e+00
  7.1831024e-01
 -8.7845838e-01
 -1.5036979e-01
 -3.1348076e-01
  1.2808902e+00
 -4.0936840e-01
  7.2684848e-01
 -6.4099324e-01
 -4.5060650e-01
 -1.1695350e-01
  3.6796108e-01
  1.2153702e+00
 -4.3305433e-01
 -2.2917848e+00
  4.3457882e-03
  1.1779182e+00
 -7.1664202e-01
 -1.7148798e+00
  2.3640724e-01
  1.8381561e+00
 -8.5085481e-01
 -1.9900998e-01
  1.3439143e+00
  1.8415662e+00
  8.6766499e-01
  1.1590362e+00
  9.8676398e-02
 -3.2623093e+00
 -3.5808351e-02
  9.6606147e-01
  1.4761173e+00
  1.2067355e+00
  1.6221262e+00
  5.2885157e-01
  1.7754239e+00
 -2.5639144e-01
  2.4757524e+00
 -7.8560643e-02
  1.4353030e+00
  4.7408271e-01
  1.1144044e-01
 -1.5955524e+00
  2.6088214e+00
 -4.4305140e-01
  4.1741908e-02
  9.9187650e-02
  1.3588326e+00
  2.5022075e+00
 -5.1677591e-01
 -2.9189378e-01
  2.4686925e-01
 -1.4116479e+00
 -6.8925083e-01
 -8.0044460e-01
  1.2893101e+00
  5.8036512e-01
 -1.5851159e+00
 -4.3257890e+00
  1.3776240e+00
  6.4587873e-01
  3.1921845e-02
 -1.6054034e+00
  1.1236577e+00
  2.5844312e-01
  7.3485863e-01
 -2.0585631e-01
 -3.4109309e+00
  1.6858770e-01
 -6.8956792e-01
  2.4276035e+00
  4.0935332e-01
 -9.3140423e-01
 -6.8424785e-01
  2.9145378e-01
  2.3949447e+00
 -1.4040401e+00
 -9.3831450e-01
 -5.4787368e-01
 -9.5759374e-01
  1.0288589e+00
  4.8889363e-01
  1.3962283e+00
  1.7284054e-02
 -9.2058945e-01
 -8.4142911e-01
  1.4116454e+00
 -2.1393961e-01
  9.2566061e-01
 -4.5062998e-01
  1.0197946e+00
 -7.9538214e-01
 -3.3338830e-01
 -5.8120966e-01
  7.4131048e-01
  1.5860945e+00
 -2.1196367e-01
 -4.5539648e-03
  2.7741632e+00
  2.0153622e-01
 -4.0630281e-01
  5.3322673e-01
  3.2384828e-01
  5.3430468e-01
  9.7513932e-01
  3.7289047e+00
  5.6345296e-01
 -2.6713197e+00
  3.5982826e-01
  2.7205162e+00
  8.9946473e-01
  1.1676978e-01
  1.1660333e+00
 -4.4325244e-01
 -5.1039499e-01
 -8.2779324e-01
  2.6288104e-01
  1.0022932e+00
  1.3167739e+00
  1.8375436e+00
  2.4979849e+00
  2.1114836e+00
 -2.7404401e-01
  5.7422894e-01
  9.9706423e-01
 -9.5382291e-01
  1.8688899e+00
 -2.9757982e-01
 -1.6096798e+00
  2.5271231e-01
 -2.4906173e+00
 -8.5419178e-01
  1.3721839e-01
 -6.1462170e-01
  2.6374364e-01
 -2.2323666e+00
 -5.6450874e-01
  1.4765878e+00
  3.9189562e-01
 -1.4832846e+00
 -2.3393291e-01
  1.0056826e+00
 -4.3022844e-01
 -1.5780079e-01
  9.1441125e-03
 -7.3559321e-02
  4.0404072e+00
 -1.1062918e+00
  1.9777787e-01
 -6.6203070e-01
  3.9039493e-01
 -3.2548735e+00
  6.0132474e-01
  1.3268335e+00
  6.2525254e-01
  2.0301881e+00
 -8.8530523e-01
  1.8037385e+00
  1.4697071e+00
  2.6880518e-01
  1.0967729e+00
  1.6418495e+00
 -1.0598439e+00
  1.3137311e-01
  1.8610812e+00
 -5.5526894e-01
  1.0968490e-01
  4.3641573e-01
 -9.6822959e-01
  1.8773493e+00
  1.6323290e+00
 -6.0643911e-02
 -9.8934960e-01
  5.6528288e-01
  2.0208869e+00
  4.7889204e+00
 -1.8131008e+00
 -6.7425895e-01
  8.9841658e-01
 -1.1286518e-01
 -6.3750103e-02
  7.3897737e-01
  7.5715548e-01
 -4.6329582e-01
  6.7279023e-01
 -4.1076869e-01
 -2.8198128e+00
  2.0493507e+00
  5.0799680e-01
 -1.1962259e+00
 -2.2090311e-01
 -7.6920532e-02
 -4.2063573e-01
  5.4542887e-01
  9.2169978e-02
  9.8357773e-01
 -4.7657695e-01
 -1.0228003e+00
  9.8819244e-01
  2.1180263e+00
 -1.9029758e+00
  2.7346304e-01
  1.9210489e+00
  5.0499499e-01
 -4.2789206e-03
  7.1739423e-01
 -1.8425781e+00
  1.8007019e+00
  1.9254908e-01
  6.0069126e-01
 -2.1060720e-02
 -7.5629622e-01
 -9.9973178e-01
  5.1729196e-01
 -2.0000471e-01
  9.3573123e-02
 -6.7346871e-01
 -1.3522358e+00
  1.0716445e+00
  5.3508741e-01
 -7.0370817e-01
 -1.3009001e+00
 -4.3703172e-01
 -1.7717700e-01
  1.3680497e+00
 -1.5583009e+00
  4.8545325e-01
  2.6463923e-01
 -6.3529742e-01
  1.1203959e-01
  2.7807829e-01
  6.2887161e-03
 -2.9288311e+00
 -1.2096037e+00
 -1.0385653e-03
  1.0446342e-01
 -2.7100325e-01
 -1.3860025e+00
  4.8777163e-01
 -7.6696706e-01
 -1.4323024e+00
 -3.2623261e-01
  3.5234872e-02
  1.3607396e+00
  2.6061914e+00
 -1.4938717e+00
 -2.1485150e-01
 -1.7914650e-01
  6.0584873e-01
 -1.0036795e+00
  2.1883069e-01
 -4.8881283e-01
  1.7974582e+00
 -1.7982137e+00
 -9.6230161e-01
  3.3790091e-01
  1.2706978e+00
  9.4062917e-02
  1.2082958e+00
  6.5311521e-01
  1.7758001e+00
 -9.5346528e-01
 -1.0786526e+00
  1.8619068e+00
  2.3622212e+00
 -2.5182006e-01
  1.2760911e+00
  3.0461621e+00
  1.4298416e+00
 -2.1064153e+00
  6.1296499e-01
  2.0744450e+00
 -5.7130325e-01
 -5.2192158e-01
 -1.2910668e+00
  6.1463565e-01
  5.0508279e-01
  3.0671653e-01
 -4.0785238e-02
  2.3914473e+00
 -2.6011515e-01
  4.1802025e-01
 -4.2166221e-01
 -4.6816683e-01
  1.4271018e-01
  5.4119086e-01
 -2.4353065e+00
 -1.4721904e+00
 -1.6788287e-01
 -1.1874629e+00
 -3.7246451e-01
  2.0193091e-01
  1.5206418e+00
  1.8675357e+00
 -9.9362767e-01
  1.7507057e-01
  2.1608560e+00
  2.7173010e-01
  7.8172690e-01
  2.7297318e-01
 -1.7929443e+00
 -1.2897698e+00
  1.0071584e+00
  9.2464656e-02
  6.3830662e-01
 -7.4987434e-02
  5.4214865e-01
 -1.5804137e+00
  2.4533689e-01
 -5.4077500e-01
 -3.3304048e+00
 -2.2389336e+00
 -6.2813684e-02
  1.5971099e+00
 -1.6340696e+00
 -1.7476065e+00
  4.9400401e-01
 -1.5660472e+00
  1.6858189e-01
 -4.3046439e-01
  3.1985884e+00
  1.7401285e-01
 -1.6470296e+00
  1.3920317e+00
 -1.8137745e+00
  3.0434959e+00
  5.1949692e-01
  1.9325645e+00
  7.5185746e-01
 -1.9867313e+00
 -8.7497067e-01
 -6.4164430e-01
 -2.1806453e-01
  2.0411317e+00
  1.4415323e+00
  7.8135097e-01
 -3.0640678e+00
  8.2574886e-01
  6.5385896e-01
  2.2770451e-01
 -2.4584072e+00
 -7.8735314e-02
 -2.5263188e+00
 -1.5022875e+00
 -1.4262584e+00
 -1.4309859e+00
  3.8417944e-01
  1.7615924e+00
 -1.4464513e+00
 -4.8105267e-01
 -8.4399337e-01
 -1.4947721e+00
  3.2874990e-02
  3.0532560e+00
 -7.6342243e-01
  1.6595389e+00
 -2.4754677e+00
  1.5791997e-01
  7.9407930e-01
 -8.0403346e-01
 -1.6098248e+00
 -8.4003985e-01
 -1.7065494e+00
  1.9406512e+00
 -9.7018683e-01
  3.4059721e-01
  8.9307660e-01
 -1.1646707e+00
  1.7563783e+00
  7.9149246e-02
 -4.1565993e-01
  2.7295873e-01
  1.2821622e-01
 -7.6787364e-01
 -1.6723169e+00
  5.3296930e-01
 -5.1580280e-01
  1.1700715e+00
 -1.6924682e-01
  7.9978055e-01
 -4.9208652e-02
 -3.7869799e+00
  3.8980837e+00
  1.5818081e+00
 -7.7863991e-01
 -9.8906092e-02
  1.0129491e+00
  1.6039673e+00
  6.5342093e-01
  2.1446055e-01
 -4.5075193e-01
  9.9312574e-01
 -1.1465641e-01
 -4.3070614e-01
  2.6112065e+00
 -3.3315542e-01
 -1.8136458e+00
 -6.3532037e-01
  7.0596176e-01
  1.8841590e-01
  1.3607351e+00
  4.7024405e-01
  2.3459399e+00
 -7.6349330e-01
 -9.2169571e-01
 -3.0817497e-01
  1.3048351e+00
 -1.8874520e+00
  6.0132712e-01
  3.8609181e-02
  1.5001241e+00
  7.6901346e-02
 -9.4498622e-01
 -3.1124240e-01
  1.1230049e-01
  5.6438619e-01
  3.4683394e+00
  1.1084658e+00
  3.3482864e-01
 -1.5592669e+00
 -1.1444082e+00
 -1.3775605e+00
  2.0388598e+00
  7.3181719e-01
 -1.1199118e+00
 -1.3551580e+00
  2.0288885e+00
 -1.9050071e-01
 -2.7732018e-01
  9.3457133e-02
 -6.3327056e-01
 -5.7797098e-01
 -5.9530085e-01
 -1.3224623e+00
  1.3841439e+00
  2.1844971e-01
  1.3187042e-01
  8.8089299e-01
 -1.8004553e-01
  1.6207502e+00
 -7.9210830e-01
  5.8310592e-01
  1.5739745e-01
  5.2709889e-01
  7.6248062e-01
  3.9506632e-01
 -2.3475051e+00
  7.1257710e-01
  1.6395281e-01
 -1.6514305e+00
 -4.2939439e-01
 -2.8558373e-01
  1.0096901e-01
  1.3802886e+00
  2.1105924e+00
 -6.7660052e-01
  7.2280282e-01
 -2.4767189e+00
 -5.6646693e-01
 -1.1764810e+00
  1.1007367e+00
  5.3019083e-01
  2.5616407e-01
 -1.0301343e-02
  1.6721189e+00
  2.1831472e+00
  7.0409721e-01
  4.7314087e-01
 -7.0069152e-01
  6.6219503e-01
  3.1575177e-02
 -1.3096230e-02
 -4.9506941e-01
 -4.2764239e-02
 -9.1437697e-01
  2.4509086e-01
  4.8737118e-01
  5.9630668e-01
  1.4067424e-02
  1.9958270e+00
  6.1010301e-01
  1.0143433e+00
 -8.5882086e-01
 -3.3825850e+00
  1.0214983e+00
 -8.9808518e-01
  1.2905152e+00
  2.2464035e-01
 -1.4178255e+00
 -3.4170255e-01
 -3.2126063e-01
  9.5944452e-01
 -1.3254682e+00
  6.4507079e-01
  1.7537332e+00
  8.7038666e-01
  5.4753906e-01
  4.4685528e-02
  8.2865298e-01
  1.7660421e+00
 -1.4627693e+00
  1.3966830e-01
  3.9144972e-01
  7.3687589e-01
  3.9662823e-01
 -9.7976573e-02
  1.1089275e+00
 -4.1434893e-01
  2.5757676e-01
  3.3018425e+00
  8.0462211e-01
  2.2231722e-01
  1.5926492e-01
 -3.2820035e-02
  1.1738077e+00
 -8.2317388e-01
  3.2379959e+00
 -1.6858244e+00
 -5.6300175e-01
  7.1839696e-01
  8.2773387e-01
 -1.0989172e+00
 -3.0418947e-01
 -2.0925939e-01
  9.4752032e-01
 -1.5133531e+00
  9.6274173e-01
 -2.6125500e-01
  9.2314160e-01
  5.0880581e-01
 -1.2610469e+00
 -8.3133119e-01
 -2.8135917e+00
  2.7925304e-01
 -1.2827828e+00
  1.8384773e+00
 -2.5374570e-01
  1.6758454e+00
  5.2301966e-02
 -1.2441430e+00
 -7.9175746e-01
 -1.0038442e-01
  2.4627397e+00
 -7.3733735e-01
  9.3924493e-01
  3.8928211e-01
  1.6146805e+00
 -1.1507500e+00
  5.5563349e-01
 -4.4362637e-01
 -1.1214702e-01
 -1.1647869e+00
 -3.7869111e-01
 -2.7065387e-01
 -3.0880785e-01
  1.0189852e+00
 -5.9802395e-01
 -1.2332640e+00
  5.2802306e-01
  2.6198250e-01
  1.2358812e+00
  9.3748528e-01
 -8.9775002e-01
 -3.6309624e+00
 -6.9556624e-01
  1.1897978e-01
 -1.1326548e+00
 -1.0114760e+00
  2.6075227e+00
  7.6507919e-02
  2.0660453e+00
  1.7744726e-02
  2.6887882e+00
  9.8769450e-01
  1.9144853e+00
  1.2950991e-01
  5.3501761e-01
 -4.6759117e-01
  1.7676051e+00
  8.4209698e-01
  3.7148988e-01
  1.5487905e+00
 -2.8132555e-01
 -2.1005671e+00
 -8.2844263e-01
 -1.8127047e-01
 -6.5019712e-02
  2.6760581e-01
  3.3490083e-01
  6.7379302e-01
 -4.5525780e-01
  9.6752965e-01
  9.9610305e-01
 -8.7581962e-01
 -2.0210974e+00
  5.1189810e-01
  3.1496978e-01
  9.8551828e-01
  2.5256498e+00
  4.8752227e-01
 -8.6058897e-01
  7.9561973e-01
  2.4207656e-03
  8.2224005e-01
 -1.3486128e+00
  1.1777467e+00
 -1.9743204e+00
 -3.4033666e+00
 -5.4899180e-01
  1.9697796e-01
  1.7619994e+00
 -1.0174268e+00
 -3.1476712e+00
  1.6194766e+00
  2.4702786e-01
 -3.1989330e-01
 -8.1771064e-01
  8.0370194e-01
 -6.9814229e-01
  3.5276121e-01
  1.6810850e+00
  1.5863754e+00
  1.3684871e+00
  8.7236446e-01
 -4.2614913e-01
  1.7996856e+00
 -1.4501629e+00
  1.2945365e+00
  9.7442853e-01
 -5.8824110e-01
 -6.5825695e-01
  3.4788115e+00
  1.7614900e+00
  2.6613746e+00
  9.5451999e-01
  1.0203812e+00
 -7.1496314e-01
 -1.8539082e-01
 -6.6167194e-01
 -1.0185747e+00
 -2.7885178e-01
 -2.0670099e+00
  6.1062831e-03
 -4.2538056e-01
 -1.0477360e+00
 -6.5088260e-01
 -1.5867957e-01
  8.1884670e-01
  8.0948019e-01
 -1.0518248e+00
 -9.8441012e-02
  1.3643728e+00
 -4.0101236e-01
  5.7530659e-01
  6.9290513e-01
  4.4531253e-01
 -2.9206353e-01
  8.8137388e-01
  1.4057684e-01
 -1.3313706e+00
  1.0200329e+00
 -1.5087192e-01
 -6.0855955e-01
 -3.7490267e-01
 -4.0470615e-01
 -4.1229185e-01
  1.2884283e+00
  1.0348403e+00
  2.5903338e-01
 -1.4976572e+00
  1.3178763e+00
  1.0085402e+00
  1.1649840e+00
 -2.6622605e-01
 -2.4780707e+00
 -1.4115821e+00
  5.0765330e-01
 -5.3221619e-01
  1.5466917e+00
  1.1315185e+00
  7.4839985e-01
  5.1845443e-01
 -2.6572773e-01
  3.3234185e-01
 -1.5136495e+00
  1.5882913e+00
  1.1079365e+00
 -2.1644905e-01
 -3.7526461e-01
  2.1799438e-01
  1.0388542e+00
 -5.6905277e-02
 -1.0898964e+00
  1.5432282e-01
 -8.7217122e-01
  1.2330883e+00
 -3.4118137e-01
 -2.0402867e-01
  1.8550979e+00
  1.4058288e+00
 -2.2842348e+00
 -2.3377234e-01
  7.2568476e-02
  6.3874316e-01
  1.3073496e+00
  1.4784459e+00
  1.4939960e+00
 -8.3772773e-01
 -1.8385890e+00
 -1.3339249e+00
 -1.0115435e+00
  2.7017043e+00
 -1.6198336e+00
 -1.1122974e+00
  8.9823562e-01
 -1.6414423e+00
  3.3042722e-03
 -1.1364270e+00
  6.5036207e-01
 -6.8237990e-01
  4.5903409e-01
  1.9936934e+00
 -7.2862491e-02
 -9.2921227e-01
  2.8039341e+00
 -7.5847760e-02
 -7.0520943e-01
  1.0935861e+00
  5.9282523e-01
  1.0809338e+00
  6.8690300e-01
 -1.1457034e+00
  1.4347979e+00
 -4.8834974e-01
  1.0836924e-01
 -2.1695652e+00
  4.5728907e-01
 -2.7371993e+00
 -8.0404139e-01
  1.9089098e+00
 -4.0210528e+00
 -3.9902344e-01
  2.2823292e-01
 -1.1759496e+00
  1.3879334e+00
  1.3673391e+00
 -7.5743800e-01
 -4.0527683e-01
  7.1991599e-01
 -2.5055164e-01
 -3.1873488e-01
  6.4544940e-01
  5.5307233e-01
 -9.8390448e-01
 -9.2394489e-01
  1.3004587e+00
 -5.2488607e-01
 -3.9535925e-01
 -3.0986586e-01
 -8.9043021e-02
 -1.6283116e-01
 -5.5490887e-01
 -2.7776964e+00
  1.9902560e+00
  2.3174386e+00
  8.2711899e-01
 -2.9825878e-01
 -9.7886431e-01
  3.6230999e-01
 -6.4112908e-01
 -1.3532032e+00
  1.5893753e+00
  7.0373714e-01
 -3.2800558e+00
  8.3257431e-01
 -9.5038880e-03
  1.7704930e+00
  1.4221168e-01
  1.8854877e+00
  1.3654406e+00
  2.4431188e+00
 -7.5450653e-01
  4.5161942e-01
  6.5272230e-01
 -8.8152593e-01
  4.8833287e-01
 -1.6764179e+00
  6.7303157e-01
  1.0588984e+00
 -1.6824141e+00
  3.9986297e-01
 -4.1178298e-01
  3.8296121e-01
  1.2703201e-01
  4.7884196e-01
  1.0259898e+00
  7.5002861e-01
 -3.9278165e-01
 -1.0252445e+00
 -6.3908422e-01
  1.1647011e+00
  6.8206602e-01
  2.4563085e-01
 -9.4259095e-01
 -1.3486320e+00
 -2.0885608e+00
 -1.7904859e+00
  6.1861008e-01
  1.2147410e+00
 -6.5831321e-01
 -5.9601074e-01
  2.2091813e+00
 -8.7405577e-02
 -1.1810721e-01
  1.5466602e-01
 -1.6767404e+00
 -5.8860910e-01
  3.3174820e+00
 -2.5899870e+00
 -1.7986524e-01
 -1.1370749e+00
  1.1039866e+00
  3.3966936e-02
 -1.1307931e+00
 -1.8852497e+00
 -4.6889699e-01
  9.8654616e-01
  5.3403383e-01
  6.6744971e-01
 -9.1443968e-01
 -1.1029310e+00
  5.6193364e-01
 -1.3390549e+00
 -2.8472397e-01
 -1.2555106e+00
  2.5928950e-01
 -2.7619320e-01
 -3.0195013e-01
 -2.1926153e+00
 -2.0964445e-01
 -1.0917645e-01
 -9.2676479e-01
  1.0137728e+00
  3.3776316e-01
  6.7415521e-02
  5.3040254e-01
 -7.2657889e-01
 -1.7058270e+00
  3.4023601e-01
  7.7542949e-01
  2.1508644e+00
  5.3607423e-02
 -1.3622079e+00
  1.7335603e+00
 -1.5266502e+00
  7.5389850e-01
  1.4556944e-01
  6.7483848e-01
 -1.8716097e+00
 -5.2198511e-01
 -2.3182522e-01
  1.0049028e+00
 -5.9123262e-04
 -1.0002786e+00
 -1.6952422e+00
 -2.1631780e+00
  6.0531974e-01
  5.7618749e-01
  2.9121678e+00
 -4.0585700e-01
  2.5664163e+00
 -4.2902395e-01
  1.5742446e+00
 -5.9285331e-01
 -3.2186252e-01
 -1.5788540e-01
 -7.4468702e-01
 -5.0118756e-02
  7.8009391e-01
 -1.9385265e+00
 -1.3341717e+00
  1.6566789e+00
 -7.1686769e-01
 -9.4826484e-01
  2.5240042e+00
 -7.0433795e-01
 -1.9669918e+00
 -8.9681886e-02
  5.3526872e-01
 -8.2852107e-01
 -1.1383095e-01
  1.3940503e-01
 -1.7560948e+00
  1.7014574e-01
 -8.6297011e-01
 -1.0125672e+00
 -1.4369694e+00
  1.9659936e+00
  2.1732178e+00
  1.7083600e+00
  1.4375602e+00
 -1.8280234e+00
  1.9965160e+00
 -3.5795107e-01
 -1.4818047e-01
 -3.6727784e+00
 -6.8842727e-01
  3.1156869e+00
 -8.2355767e-01
 -9.8863798e-01
 -9.8954844e-01
  1.9532807e+00
  1.1663260e-01
  1.8029151e+00
  6.1161196e-01
  9.9163570e-02
 -1.2427814e+00
 -1.7397687e+00
 -2.5880051e-01
  6.4500809e-01
 -2.8937542e+00
  1.2404325e+00
 -2.0850844e+00
 -1.4023905e+00
  6.9698289e-02
  1.8100439e+00
 -7.1567959e-01
 -1.3672616e+00
 -1.4642972e+00
 -6.0890114e-01
 -1.3094221e-01
 -3.0136235e+00
  6.7570478e-01
 -4.5525235e-01
  4.7762522e-01
  1.3490380e+00
  1.3587242e-01
 -6.4629322e-01
  4.6149784e-01
  1.9811016e-01
 -1.1553492e-01
  1.5562187e+00
 -1.4581848e+00
  2.3959033e+00
 -6.6699433e-01
  2.5378175e+00
  5.0416785e-01
 -7.2030079e-01
 -2.0194211e+00
 -9.1822469e-01
 -9.8942965e-01
 -6.7407316e-01
  1.4417331e-01
 -1.1097453e+00
 -1.2706409e+00
  2.8034236e+00
  1.2664940e+00
 -5.5805856e-01
 -3.5881288e-02
  1.1975899e+00
 -9.8190211e-02
 -8.2269990e-01
 -3.5695845e-01
 -1.0611822e-01
  1.2816448e+00
 -1.6295617e+00
  2.2817425e-01
 -5.5169398e-01
  1.2536279e+00
  6.6167384e-01
 -2.1332793e+00
 -1.1061601e-01
  1.5467581e+00
  4.6507376e-01
  1.6207433e+00
  1.7687104e+00
 -1.4207692e-01
 -6.8410599e-01
  9.8823071e-01
 -2.1664839e+00
 -1.5240765e+00
 -7.4378097e-01
  8.5243684e-01
  4.4240612e-01
  6.9298500e-01
 -6.9571203e-01
 -3.8781080e-01
 -8.1744581e-02
  6.3551480e-01
 -1.2344218e-01
 -4.1385067e-01
 -1.3417939e+00
 -1.1065990e+00
 -5.8452368e-01
 -4.1380998e-01
  4.3149829e-01
  1.2781526e+00
 -1.5748334e+00
 -3.8087088e-01
 -3.5738179e-01
 -2.0837910e+00
 -4.0142301e-01
 -1.2486837e+00
  1.1747885e+00
 -1.6447206e+00
  1.1314268e+00
 -2.8524389e+00
 -3.2204336e-01
 -1.2467697e-01
 -3.0836552e-02
 -5.0402635e-01
 -6.6336477e-01
 -1.1738232e+00
  1.1029763e+00
  6.8938845e-01
  1.2640527e-01
 -5.8246833e-01
  6.3137382e-01
 -1.9207239e-01
 -2.3830023e-01
  6.6517615e-01
 -1.0614879e+00
  1.3445841e+00
  1.2566216e+00
 -1.1033481e+00
 -2.1654079e+00
 -3.2058290e-01
 -2.1531209e-01
  3.4131413e+00
 -7.5387830e-01
  1.2289962e+00
  1.6566344e+00
 -6.0158157e-01
 -4.5220843e-01
  3.0059233e-01
  1.6036586e+00
  3.0822927e-01
  1.2821740e+00
 -7.7321160e-01
  3.4947625e-01
  1.0240251e+00
  1.2446662e+00
  7.9857194e-01
  2.9091277e+00
 -7.7109076e-03
  2.2845492e+00
 -1.8713446e-01
 -2.6616709e+00
  3.7644285e-01
 -1.4572283e+00
 -5.6045187e-01
 -1.1215669e+00
  7.1429902e-01
  7.5973082e-01
 -3.3491340e+00
 -2.8234512e-01
 -1.3587843e+00
  8.6269188e-01
 -2.4279003e+00
  5.2920693e-01
 -7.2327390e-02
  3.6512569e-02
 -1.6317473e-01
 -5.3868210e-01
 -1.5960670e+00
 -7.4386668e-01
  6.2602723e-01
 -6.0474473e-01
  2.1816201e+00
 -1.7925435e+00
 -1.9625938e-01
  1.1344404e+00
  5.9488189e-01
 -7.9968512e-01
  6.2464930e-02
 -2.2562248e-01
 -1.3452116e+00
 -1.0470812e+00
 -1.1197076e+00
  8.2065713e-01
 -1.0082454e-02
  1.2627908e+00
  1.9305940e+00
  4.6016502e-01
  3.9214379e-01
 -3.7334734e-01
 -5.8215004e-01
 -1.3666438e+00
 -2.0313478e+00
  3.7533757e-01
  1.1978458e+00
 -7.3834342e-01
 -1.4208248e-01
  1.1740507e+00
  5.5819690e-01
  5.1145428e-01
 -1.5511726e+00
  9.5804977e-01
 -4.3527126e-01
 -7.5525331e-01
  7.7191323e-01
 -5.4436678e-01
  4.8339960e-01
  1.3021420e+00
  6.8448454e-01
  3.8519305e-01
  8.4312040e-01
  6.4954001e-01
 -1.6198027e+00
  4.3212545e-01
 -1.4403985e+00
 -8.6353785e-01
  7.5568050e-01
  1.2752285e+00
  6.5165952e-02
  3.1046855e-01
 -4.4175506e-01
 -4.7583044e-01
  1.0966728e+00
  4.0663922e-01
  1.6466166e-01
  9.9956387e-01
  1.8458338e+00
  3.5537952e-01
 -7.2324938e-01
  1.1688753e+00
 -1.4436260e+00
 -2.0053327e-01
  1.0471454e+00
 -1.4329209e+00
 -9.3630058e-01
  8.0156416e-01
  2.0320749e+00
 -5.3083938e-01
 -3.9651734e-01
 -1.6259663e+00
  1.0784788e+00
 -2.6878518e-01
  1.1629373e+00
  7.3320174e-01
 -9.7987348e-01
 -4.9047038e-01
  2.1499717e-01
  1.4508506e+00
  1.4120414e+00
 -2.1501360e+00
  3.5616755e-03
 -7.9176056e-01
 -1.3223500e+00
 -8.5220426e-02
 -5.2081478e-01
 -1.6112106e+00
 -1.9431943e-01
  3.6698070e+00
 -1.6800525e+00
 -1.8548974e-01
  9.3856663e-01
  1.0759442e+00
  2.9839128e-01
  2.1516511e+00
 -1.1305485e+00
  9.6964622e-01
  2.3190942e+00
 -6.6876990e-01
 -4.0381557e-01
  4.6988511e-01
  2.9032333e+00
  4.6600798e-01
  4.5885757e-01
  8.0464655e-01
 -2.2402607e-01
  8.4166902e-01
  1.2420604e+00
 -9.9652326e-01
  7.7738249e-01
 -2.2902899e+00
  2.4847532e-02
 -1.4083613e+00
  3.4052795e-01
  1.4491159e+00
  2.6144452e+00
 -1.2041866e+00
  1.8123175e+00
 -2.3244977e+00
 -3.0790889e-01
 -6.5401071e-01
 -2.9282746e-01
 -4.4435263e-01
  6.0223711e-01
 -2.2192910e-01
  3.0376399e+00
  8.5162294e-01
 -1.3713783e+00
 -1.3235393e+00
 -1.0335233e+00
 -2.3379872e+00
  1.2070862e+00
  1.0156811e+00
 -7.5248653e-01
 -5.4083258e-01
 -1.4893459e+00
 -1.1495138e+00
  5.2225661e-01
 -9.0056324e-01
 -1.1468519e+00
 -1.8264619e+00
  1.3627464e+00
 -1.8018243e+00
  4.4873494e-01
  7.9074807e-02
 -9.0702659e-01
 -7.6749712e-01
  6.4283508e-01
  1.6832777e+00
 -1.9177312e+00
 -9.0049148e-01
 -1.0272247e-01
 -6.0918367e-01
 -2.1787217e-01
  6.2775981e-01
  1.2781301e+00
 -1.8761477e+00
 -1.2981604e+00
  6.5571237e-01
  6.2552255e-01
 -2.5517509e+00
  7.0746416e-01
 -1.5110937e+00
  1.2486976e+00
  2.0699520e+00
  4.3120518e-01
  1.3215705e+00
  9.0824157e-01
  1.2224756e+00
 -4.6570647e-01
  1.1669016e+00
  1.1551974e+00
  1.3633054e+00
  5.1352435e-01
 -7.8428239e-01
  1.3459363e+00
 -3.9557797e-01
 -1.5646363e+00
  7.9640293e-01
 -7.8797716e-01
 -9.0450905e-02
  2.2212656e-01
 -6.1135781e-03
 -1.0729915e+00
  6.5982199e-01
  5.8788830e-01
  2.6228259e+00
  1.5407581e+00
 -1.9690730e-01
 -7.1994305e-02
 -6.7488217e-01
 -6.5202701e-01
 -9.6511662e-01
  2.0845633e+00
  3.0700753e+00
  3.5915928e+00
 -5.0267782e-02
 -1.7222495e+00
 -4.9010575e-01
 -9.4769156e-01
 -1.5441952e+00
 -1.8684888e+00
  8.6259395e-02
  7.8408307e-01
  1.1293676e+00
 -9.9611908e-02
  5.0991189e-01
  2.3629735e+00
  2.3576651e+00
 -4.8255801e-01
  1.9947671e+00
 -8.9845383e-01
  7.8462750e-01
  1.8711983e-01
  1.1372125e+00
  2.0566551e-01
  1.0673844e+00
 -5.0435048e-01
  1.4794083e+00
  5.8986729e-01
  1.0668631e+00
 -6.6790837e-01
  1.0488163e-02
 -8.0716433e-03
  1.7755896e+00
 -1.7064695e+00
 -3.0166484e-02
 -9.4587243e-01
  2.0184169e+00
 -7.3343629e-01
 -2.5184080e-01
  2.4631904e-02
 -8.8519824e-01
 -1.1979389e+00
  6.9018614e-01
 -1.1208155e+00
 -2.3339341e+00
 -2.5268664e+00
  2.0211937e+00
  6.2797582e-01
 -9.0362066e-01
  2.0636497e-01
  1.5299739e+00
 -2.8524446e-01
 -1.0538015e+00
 -1.2030114e-01
 -5.6873989e-01
  2.0808518e+00
  1.7453529e-01
  8.8795222e-02
 -5.4790920e-01
  2.1145320e+00
  1.5049937e+00
  3.8620782e-01
  1.5703908e-01
 -2.3184279e-01
  7.8046590e-01
  1.0840914e-01
  7.0090137e-02
 -1.9837189e+00
  1.0683641e-01
  1.2322953e+00
 -2.5016427e-01
 -3.5419960e-02
  2.1539230e+00
 -2.2025339e-01
  1.6594759e+00
  5.1408619e-01
  7.8622365e-01
  1.5316582e+00
 -7.7567798e-01
  1.3366871e+00
  2.9439073e+00
  1.4587440e+00
  8.0464005e-01
  1.6994001e+00
  1.7039520e+00
  9.4238901e-01
 -8.6401838e-01
  2.4029403e+00
 -9.1252655e-01
 -2.4800029e+00
 -1.6140133e-02
 -1.1880069e+00
 -1.9477668e+00
 -9.3180120e-01
  1.2814846e+00
  1.2299970e+00
 -3.7162796e-02
  1.1936837e+00
  1.1232857e+00
  1.7275589e+00
 -1.4042656e+00
 -1.7720760e+00
 -9.1664946e-01
  2.2447971e-01
  3.3167021e+00
  3.2125254e+00
 -2.8538755e-01
 -8.7482554e-01
  2.1620221e+00
  1.5536915e-01
 -2.8580410e+00
 -4.3308669e-01
 -8.0223811e-01
  2.1961181e+00
 -1.7102575e+00
 -7.9335117e-01
  4.2922929e-01
  5.3234285e-01
 -2.2219351e-01
 -1.8142298e+00
 -2.0214109e-01
 -1.3902494e-01
 -8.5074800e-01
 -1.3380510e+00
  5.3443146e-01
 -8.6233246e-01
 -2.1855130e+00
  6.8381435e-01
 -2.3346445e-01
  1.2326360e+00
  8.3579761e-01
  3.6636602e-02
 -2.2516212e-01
  2.2475100e-01
 -8.1330931e-01
  4.3513093e-02
  2.1123004e+00
 -1.6352350e+00
  4.6925598e-01
 -4.0315276e-01
 -3.9128268e-01
  1.2276328e+00
  1.2979037e+00
  1.6897000e+00
  3.2000789e-01
  8.5485309e-01
  2.5232453e+00
 -2.2673920e-01
 -2.4236536e-02
  2.5567651e+00
 -1.2561119e-01
  2.2710054e+00
  9.2799383e-01
  2.2509089e+00
  6.3301367e-01
 -6.0995150e-01
 -4.4743815e-01
 -6.5568101e-01
  9.5380002e-01
 -7.2836900e-01
 -4.9335083e-01
 -3.3231977e-01
  1.1147374e+00
 -1.0931357e+00
 -7.1247619e-01
 -5.7347023e-01
 -1.4635909e+00
  8.8426977e-01
 -1.2740997e+00
  7.5080208e-03
 -8.3241552e-01
  1.2080916e+00
 -4.1311139e-01
  1.0450795e+00
  8.1092286e-01
 -1.0008829e+00
 -1.3576049e+00
 -1.1121535e+00
 -3.6742499e-01
  1.6717587e+00
  9.1968203e-01
  2.7952224e-01
  3.3159590e-01
  2.0817544e+00
  6.2062204e-01
 -5.7717550e-01
  6.2864733e-01
  2.5017074e-01
 -1.4150329e+00
 -6.7392027e-01
  6.8359894e-01
  1.2499826e+00
  1.1829507e+00
  1.6183132e-01
 -2.5577538e+00
 -2.6902921e-02
 -9.4260705e-01
 -4.1445768e-01
  5.0669956e-01
 -8.3828652e-01
  2.9334053e-01
  1.0492530e-01
 -1.0703694e+00
  1.4190036e+00
  4.0804744e+00
  1.1646557e+00
 -1.2055411e+00
  5.0243214e-02
 -6.3745493e-01
  2.5445864e-01
  5.9162986e-01
 -1.9431782e-01
 -9.3193173e-01
 -9.9797314e-01
  6.8551391e-01
 -9.4070625e-01
  2.3037529e+00
  6.1216563e-01
 -1.3233815e+00
 -3.3503351e+00
 -2.2373319e-01
 -1.3293277e-01
  2.9385898e-01
  1.4915732e+00
 -1.4089684e+00
 -8.0541134e-01
  2.1707398e-01
 -3.2899985e-01
  8.0130202e-01
 -9.0987676e-01
 -8.5057753e-01
  4.6232041e-02
 -2.0384526e+00
 -2.4564505e-01
  4.8196554e-01
  2.6146545e+00
 -2.2694516e+00
  6.1388713e-01
  5.0397485e-01
 -3.3101845e+00
 -1.0026194e-01
  2.0306866e+00
  3.6770639e-01
 -6.3106513e-01
  6.9827408e-01
 -6.7551643e-01
  4.5399791e-01
  9.1676688e-01
  2.0238894e-01
 -8.5265923e-01
 -1.2550914e+00
 -8.8600516e-01
  1.5524989e-01
  1.1588754e-01
  6.0314244e-01
  6.4440781e-01
 -8.6702728e-01
 -2.2343876e+00
  1.4360304e+00
  1.3299347e+00
  3.2084462e-01
  1.2850400e+00
  1.6028640e+00
 -1.1395121e+00
 -5.9759933e-01
  2.2400013e-01
 -4.3020558e-01
  1.5863274e+00
  8.7243497e-01
 -9.2936820e-01
  1.1607507e+00
  4.5465922e-01
 -6.8299413e-01
  1.7819399e+00
 -9.4591725e-01
  6.4916962e-01
  7.5289327e-01
 -1.4680459e+00
 -1.7715919e-01
  2.1464777e+00
  1.0502937e+00
 -6.6841120e-01
 -1.0770570e+00
 -1.4543979e+00
  2.6365173e-01
  9.5160127e-01
 -1.5912611e+00
  7.3991829e-01
  1.7888117e+00
 -4.0630308e-01
 -3.5767490e-01
  2.2199192e+00
  1.1354259e-01
 -4.8968306e-01
  1.2871926e-01
 -1.4578846e+00
  2.7363796e+00
 -1.8928977e+00
  5.7791269e-01
  7.2654760e-01
  3.1071121e-01
  1.2298750e+00
 -1.8220664e+00
  1.3455424e+00
 -1.2360885e+00
 -1.0534739e+00
  5.3040437e-02
  1.2153217e+00
 -1.2517877e+00
  1.2020746e+00
 -2.8399006e-01
  6.3661158e-01
 -6.3584739e-01
  3.4415463e-01
  1.6631677e+00
 -4.1327032e-01
 -7.3462021e-01
 -3.8616613e-01
  8.7779403e-02
 -4.1714078e-01
 -7.0448387e-01
 -1.5740849e+00
 -2.3005030e+00
 -1.4247717e+00
  1.7974207e+00
  1.6436112e-01
  1.1091031e+00
  1.1730028e+00
  6.2769237e-03
  1.3821765e+00
 -1.7667505e+00
 -6.1682749e-01
 -1.7295325e+00
 -4.5933032e-01
 -1.1772156e+00
 -3.3829355e-01
  8.6436772e-01
  1.1108096e+00
  2.2573473e+00
  4.9615785e-01
 -1.7414796e+00
  8.5540003e-01
 -4.3090525e-01
 -3.1181970e-01
  8.6442381e-01
  1.5061498e+00
 -1.3847899e+00
  2.5281386e+00
 -2.4832554e+00
 -6.4367479e-01
  1.4653812e-01
 -1.6379110e+00
  2.9664555e-01
  7.5213641e-01
 -1.1486882e+00
  1.0933070e-01
 -1.2235945e-01
 -3.1745408e-02
  8.3561522e-01
  1.4254308e+00
  7.7172935e-01
  2.2059457e+00
 -1.1218236e-01
  7.9715073e-01
 -7.6083070e-01
 -3.1089592e-01
  7.2609252e-01
 -2.3126361e-01
 -2.3627579e+00
  8.9587696e-02
  1.0255473e+00
 -6.7336154e-01
 -4.8202750e-01
 -1.1769372e+00
 -1.9146203e-01
 -5.4701209e-02
  5.2837640e-01
 -3.6058946e+00
 -1.1094103e+00
 -1.0868578e-01
 -1.8892474e+00
  1.8908718e-01
  5.5977982e-01
 -2.2867872e-01
 -2.0925242e-01
  7.9919261e-01
  1.1271799e-01
 -3.0465732e+00
 -8.3354342e-01
 -2.4215391e-01
  2.9253557e+00
  4.8003969e-01
 -1.2933339e-01
  2.9214606e-01
  1.1203594e+00
  1.1134785e+00
  1.5686388e+00
 -4.5417076e-01
 -2.0621365e-01
  1.5870034e+00
 -1.5735530e+00
  4.6280858e-01
 -1.4272946e-01
  5.9089161e-02
  2.8056380e-01
 -1.4588636e-01
 -1.2620821e+00
 -2.1700280e+00
 -1.5079764e+00
  1.2415792e+00
 -1.1068524e+00
  1.1222328e-01
 -2.7772300e+00
 -8.1849396e-01
 -3.0827188e-01
 -2.6147871e+00
 -2.2539177e+00
 -1.6891700e+00
  1.6339483e+00
 -7.0198464e-01
  1.6356434e+00
  1.0561340e+00
  2.9043341e-01
  4.4117924e-02
  6.6887611e-01
  8.8749701e-01
 -1.7082180e+00
  1.2639219e+00
 -6.9104975e-01
 -1.2674003e+00
  2.8355410e+00
  1.7506814e-01
  7.5253278e-01
  1.3517829e+00
 -3.1123039e-01
 -2.4587981e-02
 -1.1111997e+00
 -1.6780490e+00
 -3.9376095e-01
 -8.1178659e-01
 -1.2245218e+00
 -3.3587152e-01
  1.2950488e+00
  1.2733163e+00
 -1.5899509e+00
  8.0465794e-01
 -1.0108197e+00
  9.7541994e-01
  1.7032440e+00
  2.3691206e+00
  1.0800084e-01
 -1.0508344e+00
 -2.4948642e+00
  2.8374476e+00
 -3.3592761e+00
 -2.0340212e-01
  9.8463947e-01
  7.3370475e-01
  8.0444509e-01
 -1.2732313e+00
  1.2201551e+00
  1.6749144e+00
  1.9232903e+00
  6.2658024e-01
 -1.3378658e+00
  5.0082809e-01
  1.3400450e+00
  2.7883506e-01
  2.8941309e-01
 -4.8034695e-01
  1.3765752e+00
 -3.2750499e+00
 -2.6338229e-01
  9.1136402e-01
  1.1107461e+00
 -7.1149170e-01
 -3.9560348e-03
 -1.2846218e+00
 -1.9208485e+00
  1.6938724e-01
 -2.2022752e-01
  7.4517381e-01
 -7.4343818e-01
 -3.7318236e-01
 -2.8934321e-01
  1.4604684e+00
  6.8997794e-01
  1.1836889e+00
  5.9925902e-01
 -7.7180749e-01
  5.0225443e-01
 -5.5780686e-02
 -9.0242344e-01
  1.0416331e+00
 -5.4635465e-01
 -4.4061697e-01
 -1.6893023e+00
  4.0600783e-01
  6.9027841e-01
 -1.8424329e-01
  3.6871982e-01
  1.3346307e+00
  2.2079827e-01
  8.1605053e-01
 -5.6932157e-01
 -5.7108462e-01
 -3.3752573e-01
 -1.9087271e-01
  7.9231597e-02
 -8.0662541e-02
 -4.0839460e-02
  5.9853803e-02
 -1.6805108e-01
  1.8211588e-01
 -6.2157094e-01
 -1.4200174e+00
  1.2994370e-01
  1.4707968e-01
  5.1621121e-01
 -1.2924489e+00
  3.9614490e-03
  6.9786811e-01
 -7.6685119e-01
  6.7862648e-01
  4.2426202e-01
  1.0263395e+00
 -8.0596387e-01
  6.1893329e-04
 -2.3085724e-01
  1.9628048e-01
 -1.3852402e+00
  5.9634316e-01
  5.3646207e-01
  1.0454434e+00
  1.1143106e-01
 -1.5906942e+00
  3.8709971e-01
  2.0092349e+00
  1.4753009e+00
 -2.1550617e-01
 -3.8337103e-01
  2.0452896e-01
 -5.0753146e-01
 -8.8848323e-01
  2.1471133e+00
 -6.2078446e-01
  2.8384474e-01
  1.0551455e+00
  1.7309072e+00
 -3.1611267e-01
  2.4393047e-01
  1.2958131e+00
 -7.7515763e-01
 -1.3261863e+00
 -2.0925515e+00
  4.3868363e-01
 -1.2587798e+00
 -6.0981816e-01
  1.1228946e-01
 -2.7273366e+00
  8.4727490e-01
  1.7337960e+00
 -1.0204029e+00
  2.2435026e+00
  5.0992405e-01
  1.0986630e+00
  7.4198015e-02
  1.5635097e-01
  6.8354130e-01
 -1.2161963e+00
  1.2956618e-01
 -1.0399584e+00
  4.0893072e-01
  6.3319236e-01
  1.0513567e+00
 -1.5968324e+00
 -4.2625454e-01
 -7.6115781e-01
  3.9763647e-01
 -5.1631552e-01
  1.6836665e+00
  8.0997264e-01
  4.6071729e-01
  3.4453514e-01
 -6.1347508e-01
  7.6033480e-02
 -1.2071743e+00
  1.1601692e-01
  1.7457143e+00
  1.4130130e+00
  1.4156773e+00
  3.7733778e-01
 -4.9939111e-01
  2.3867638e+00
  6.8585068e-01
  4.2294117e-04
 -1.0785009e+00
 -8.6747062e-01
 -1.0546051e+00
 -3.9808047e-01
  4.6970341e-01
 -9.2530924e-01
 -1.5601730e+00
 -8.9458770e-01
  2.8013153e+00
 -1.0152520e+00
  2.2306061e+00
  2.0758240e+00
 -1.0877142e+00
 -1.8043479e-01
  2.5512424e-01
 -1.0176486e+00
 -1.3231671e+00
 -4.9347552e-03
 -1.1659365e+00
 -2.3343379e+00
 -4.3004829e-01
  2.3861270e+00
  2.5726604e-01
 -2.3562138e-01
  1.2322868e+00
  2.4519348e+00
  2.5721328e-02
 -2.3334334e+00
  1.6909276e-01
 -1.1822072e+00
 -2.3948538e+00
 -1.4676627e+00
  1.1679572e+00
 -1.9090410e+00
  4.0212014e-01
  1.1150425e-01
  7.1381438e-01
  3.8782600e-01
 -1.3954422e+00
  9.0597826e-01
 -5.3200763e-01
  2.5458376e+00
 -3.4188038e-01
 -1.4372749e+00
 -8.0575466e-01
  2.4534888e+00
  2.3884238e-01
  4.0781346e-01
 -3.7366784e-01
 -1.1877372e-02
  1.0674388e+00
 -1.0322154e-01
  3.0221483e-01
 -1.5725684e+00
  6.2228316e-01
  2.7530831e-01
  4.7117528e-01
  1.7904252e+00
  1.1930776e+00
 -7.2448081e-01
  7.0683561e-02
 -1.6155106e+00
 -6.8725783e-01
 -2.3253579e-01
  1.7085650e+00
 -7.2160977e-01
 -2.6335424e-01
 -1.4739240e+00
  4.3060237e-01
 -1.0372360e+00
 -2.5454056e-01
  1.2967327e+00
  1.0226079e+00
  5.6138527e-02
 -8.2435960e-01
 -2.1531715e+00
 -1.0978943e+00
 -7.1048951e-01
  4.9216750e-01
  2.4804106e+00
 -1.2568251e+00
  4.0186215e-03
  1.2449249e-01
  2.2040208e-01
  1.5471314e+00
 -9.1885489e-01
 -5.9298903e-01
 -7.7645607e-02
 -1.0604849e+00
 -2.2421827e+00
 -5.1541215e-01
  7.6925707e-01
 -1.0221285e+00
 -4.9796900e-01
  1.3343602e+00
  2.5066099e+00
 -1.9265926e+00
  1.2338079e-01
  1.3170968e+00
  7.4763858e-01
  5.6521618e-01
  8.7585610e-01
  7.3729098e-01
 -1.8308581e+00
 -4.3128632e-02
 -2.0349512e+00
 -6.9574612e-01
  1.3459270e+00
  8.1576246e-01
  5.2140731e-01
  4.5597143e-02
  8.1884915e-01
  1.1601051e+00
 -2.2022292e-01
 -8.1287909e-01
  3.5979609e+00
 -3.2179171e-01
  4.6967667e-01
 -2.8522735e+00
 -6.3007998e-01
 -3.0715981e-01
  8.3243150e-01
  1.2038447e+00
 -1.4945569e+00
 -2.5854159e-02
 -2.4990571e+00
  1.2498056e-01
  3.0916660e+00
  1.4478289e+00
 -8.1460845e-01
 -1.1531506e+00
  4.7139794e-02
  5.5629485e-03
  5.5629485e-03
  5.5629485e-03
  5.5629485e-03
  5.5629485e-03
  5.5629485e-03
  5.5629485e-03
  5.5629485e-03
  5.5629485e-03
  5.5629485e-03
  5.5629485e-03
  5.5629485e-03
  5.5629485e-03
  3.9066456e-02
  3.9066456e-02
  3.9066456e-02
  3.9066456e-02
  3.9066456e-02
  3.9066456e-02
  3.9066456e-02
  3.9066456e-02
  3.9066456e-02
  5.1177379e-02
  5.1177379e-02
  5.1177379e-02
  5.1177379e-02
  5.1177379e-02
  5.1177379e-02
  5.1177379e-02
  5.1177379e-02
  5.1177379e-02
  2.9789599e-02
  2.9789599e-02
  2.9789599e-02
  2.9789599e-02
  2.9789599e-02
  2.9789599e-02
  2.9789599e-02
  2.9789599e-02
  2.9789599e-02
  2.2040680e-02
  2.2040680e-02
  2.2040680e-02
  2.2040680e-02
  2.2040680e-02
  2.2040680e-02
  2.2040680e-02
  2.2040680e-02
  2.2040680e-02
  3.2793876e-02
  3.2793876e-02
  3.2793876e-02
  3.2793876e-02
  3.2793876e-02
  3.2793876e-02
  3.2793876e-02
  3.2793876e-02
  3.2793876e-02
