           #qpath      Energy(meV)
  0.0000000000E+00 -2.5851566605E-01
  1.1174106604E-02 -1.4775870412E-01
  2.2348213208E-02  1.0249623865E-01
  3.3522319811E-02  1.9525424381E-01
  4.4696426415E-02  2.7035737644E-01
  5.5870533019E-02  3.4379145652E-01
  6.7044639623E-02  4.1830879220E-01
  7.8218746227E-02  4.9490724348E-01
  8.9392852831E-02  5.7415728909E-01
  1.0056695943E-01  6.5648198937E-01
  1.1174106604E-01  7.4223570579E-01
  1.2291517264E-01  8.3173091916E-01
  1.3408927925E-01  9.2524895501E-01
  1.4526338585E-01  1.0230450640E+00
  1.5643749245E-01  1.1253513470E+00
  1.6761159906E-01  1.2323788003E+00
  1.7878570566E-01  1.3443189742E+00
  1.8995981226E-01  1.4613454326E+00
  2.0113391887E-01  1.5836150863E+00
  2.1230802547E-01  1.7112694209E+00
  2.2348213208E-01  1.8444356238E+00
  2.3465623868E-01  1.9832276087E+00
  2.4583034528E-01  2.1277469369E+00
  2.5700445189E-01  2.2780836373E+00
  2.6817855849E-01  2.4343169261E+00
  2.7935266510E-01  2.5965158334E+00
  2.9052677170E-01  2.7647397424E+00
  3.0170087830E-01  2.9390388485E+00
  3.1287498491E-01  3.1194545478E+00
  3.2404909151E-01  3.3060197613E+00
  3.3522319811E-01  3.4987592042E+00
  3.4639730472E-01  3.6976896077E+00
  3.5757141132E-01  3.9028199006E+00
  3.6874551793E-01  4.1141513565E+00
  3.7991962453E-01  4.3316777139E+00
  3.9109373113E-01  4.5553852729E+00
  4.0226783774E-01  4.7852529751E+00
  4.1344194434E-01  5.0212524686E+00
  4.2461605094E-01  5.2633481632E+00
  4.3579015755E-01  5.5114972778E+00
  4.4696426415E-01  5.7656498825E+00
  4.5813837076E-01  6.0257489373E+00
  4.6931247736E-01  6.2917303290E+00
  4.8048658396E-01  6.5635229064E+00
  4.9166069057E-01  6.8410485156E+00
  5.0283479717E-01  7.1242220346E+00
  5.1400890378E-01  7.4129514072E+00
  5.2518301038E-01  7.7071376766E+00
  5.3635711698E-01  8.0066750162E+00
  5.4753122359E-01  8.3114507586E+00
  5.5870533019E-01  8.6213454197E+00
  5.6987943679E-01  8.9362327169E+00
  5.8105354340E-01  9.2559795802E+00
  5.9222765000E-01  9.5804461519E+00
  6.0340175661E-01  9.9094857745E+00
  6.1457586321E-01  1.0242944962E+01
  6.2574996981E-01  1.0580663354E+01
  6.3692407642E-01  1.0922473642E+01
  6.4809818302E-01  1.1268201475E+01
  6.5927228963E-01  1.1617665324E+01
  6.7044639623E-01  1.1970676316E+01
  6.8162050283E-01  1.2327038017E+01
  6.9279460944E-01  1.2686546166E+01
  7.0396871604E-01  1.3048988340E+01
  7.1514282264E-01  1.3414143555E+01
  7.2631692925E-01  1.3781781771E+01
  7.3749103585E-01  1.4151663306E+01
  7.4866514246E-01  1.4523538125E+01
  7.5983924906E-01  1.4897144991E+01
  7.7101335566E-01  1.5272210447E+01
  7.8218746227E-01  1.5648447608E+01
  7.9336156887E-01  1.6025554714E+01
  8.0453567547E-01  1.6403213399E+01
  8.1570978208E-01  1.6781086632E+01
  8.2688388868E-01  1.7158816242E+01
  8.3805799529E-01  1.7536019951E+01
  8.4923210189E-01  1.7912287786E+01
  8.6040620849E-01  1.8287177658E+01
  8.7158031510E-01  1.8660209278E+01
  8.8275442170E-01  1.9030824589E+01
  8.9392852831E-01  1.9158128961E+01
  9.0510263491E-01  1.9230861577E+01
  9.1627674151E-01  1.9299452927E+01
  9.2745084812E-01  1.9363936411E+01
  9.3862495472E-01  1.9424342233E+01
  9.4979906132E-01  1.9480699427E+01
  9.6097316793E-01  1.9533035963E+01
  9.7214727453E-01  1.9581378641E+01
  9.8332138114E-01  1.9625752956E+01
  9.9449548774E-01  1.9666182956E+01
  1.0056695943E+00  1.9702691106E+01
  1.0168437009E+00  1.9735298152E+01
  1.0280178076E+00  1.9764023004E+01
  1.0391919142E+00  1.9788882621E+01
  1.0503660208E+00  1.9809891910E+01
  1.0615401274E+00  1.9827063640E+01
  1.0727142340E+00  1.9840408365E+01
  1.0838883406E+00  1.9849934359E+01
  1.0950624472E+00  1.9855647567E+01
  1.1062365538E+00  1.9857551571E+01
  1.1062365538E+00  1.9857551571E+01
  1.1126814855E+00  1.9859519210E+01
  1.1191264173E+00  1.9865420241E+01
  1.1255713491E+00  1.9875249013E+01
  1.1320162809E+00  1.9888996109E+01
  1.1384612126E+00  1.9906648359E+01
  1.1449061444E+00  1.9928188851E+01
  1.1513510762E+00  1.9953596945E+01
  1.1577960079E+00  1.9982848292E+01
  1.1642409397E+00  2.0015914853E+01
  1.1706858715E+00  2.0052764923E+01
  1.1771308032E+00  2.0093363154E+01
  1.1835757350E+00  2.0137670583E+01
  1.1900206668E+00  2.0185644655E+01
  1.1964655985E+00  2.0237239254E+01
  1.2029105303E+00  2.0292404727E+01
  1.2093554621E+00  2.0351087914E+01
  1.2158003939E+00  2.0413232172E+01
  1.2222453256E+00  2.0478777396E+01
  1.2286902574E+00  2.0547660047E+01
  1.2351351892E+00  2.0619813165E+01
  1.2415801209E+00  2.0695166386E+01
  1.2480250527E+00  2.0773645956E+01
  1.2544699845E+00  2.0855174735E+01
  1.2609149162E+00  2.0939672199E+01
  1.2673598480E+00  2.1027054437E+01
  1.2738047798E+00  2.1117234144E+01
  1.2802497115E+00  2.1210120596E+01
  1.2866946433E+00  2.1305619636E+01
  1.2931395751E+00  2.1403633636E+01
  1.2995845068E+00  2.1504061465E+01
  1.3060294386E+00  2.1606798434E+01
  1.3124743704E+00  2.1711736248E+01
  1.3189193022E+00  2.1818762940E+01
  1.3253642339E+00  2.1927762801E+01
  1.3318091657E+00  2.2038616302E+01
  1.3382540975E+00  2.2151200003E+01
  1.3446990292E+00  2.2265386468E+01
  1.3511439610E+00  2.2381044160E+01
  1.3575888928E+00  2.2498037339E+01
  1.3640338245E+00  2.2616225957E+01
  1.3704787563E+00  2.2735465550E+01
  1.3769236881E+00  2.2855607131E+01
  1.3833686198E+00  2.2976497089E+01
  1.3898135516E+00  2.3097977095E+01
  1.3962584834E+00  2.3219884023E+01
  1.4027034152E+00  2.3342049879E+01
  1.4091483469E+00  2.3464301764E+01
  1.4155932787E+00  2.3586461851E+01
  1.4220382105E+00  2.3708347406E+01
  1.4284831422E+00  2.3829770831E+01
  1.4349280740E+00  2.3950539741E+01
  1.4413730058E+00  2.4070457055E+01
  1.4478179375E+00  2.4189321028E+01
  1.4542628693E+00  2.4306925091E+01
  1.4607078011E+00  2.4423056981E+01
  1.4671527328E+00  2.4537495485E+01
  1.4735976646E+00  2.4649997032E+01
  1.4800425964E+00  2.4760216022E+01
  1.4864875281E+00  2.4866085962E+01
  1.4929324599E+00  2.4910237358E+01
  1.4993773917E+00  2.4931192397E+01
  1.5058223235E+00  2.4951891175E+01
  1.5122672552E+00  2.4972730614E+01
  1.5187121870E+00  2.4993787175E+01
  1.5251571188E+00  2.5015095346E+01
  1.5316020505E+00  2.5036679510E+01
  1.5380469823E+00  2.5058561155E+01
  1.5444919141E+00  2.5080761120E+01
  1.5509368458E+00  2.5103300429E+01
  1.5573817776E+00  2.5126200632E+01
  1.5638267094E+00  2.5149483941E+01
  1.5702716411E+00  2.5173173270E+01
  1.5767165729E+00  2.5197292227E+01
  1.5831615047E+00  2.5221865074E+01
  1.5896064365E+00  2.5246916678E+01
  1.5960513682E+00  2.5272472439E+01
  1.6024963000E+00  2.5298558211E+01
  1.6089412318E+00  2.5325200225E+01
  1.6153861635E+00  2.5352424991E+01
  1.6218310953E+00  2.5380259203E+01
  1.6282760271E+00  2.5408729641E+01
  1.6347209588E+00  2.5437863065E+01
  1.6411658906E+00  2.5467686103E+01
  1.6476108224E+00  2.5498225139E+01
  1.6540557541E+00  2.5529506198E+01
  1.6605006859E+00  2.5561554823E+01
  1.6669456177E+00  2.5594395949E+01
  1.6733905495E+00  2.5628053771E+01
  1.6798354812E+00  2.5662551600E+01
  1.6862804130E+00  2.5697911702E+01
  1.6927253448E+00  2.5734155110E+01
  1.6991702765E+00  2.5771301362E+01
  1.7056152083E+00  2.5809368117E+01
  1.7120601401E+00  2.5848370440E+01
  1.7185050718E+00  2.5888319209E+01
  1.7249500036E+00  2.5929216676E+01
  1.7313949354E+00  2.5971039661E+01
  1.7378398671E+00  2.6013632818E+01
  1.7442847989E+00  2.6052923073E+01
  1.7442847989E+00  2.6052923073E+01
  1.7571746431E+00  2.5957065062E+01
  1.7700644872E+00  2.5850041207E+01
  1.7829543314E+00  2.5732218629E+01
  1.7958441756E+00  2.5603845321E+01
  1.8087340197E+00  2.5465118354E+01
  1.8216238639E+00  2.5316190666E+01
  1.8345137081E+00  2.5157176973E+01
  1.8474035522E+00  2.4988159506E+01
  1.8602933964E+00  2.4809193639E+01
  1.8731832406E+00  2.4620313422E+01
  1.8860730847E+00  2.4421537045E+01
  1.8989629289E+00  2.4212872266E+01
  1.9118527730E+00  2.3994321796E+01
  1.9247426172E+00  2.3765888656E+01
  1.9376324614E+00  2.3527581488E+01
  1.9505223055E+00  2.3279419756E+01
  1.9634121497E+00  2.3021438784E+01
  1.9763019939E+00  2.2753694547E+01
  1.9891918380E+00  2.2476268081E+01
  2.0020816822E+00  2.2189269428E+01
  2.0149715264E+00  2.1892840967E+01
  2.0278613705E+00  2.1587160046E+01
  2.0407512147E+00  2.1272440812E+01
  2.0536410589E+00  2.0948935179E+01
  2.0665309030E+00  2.0616932925E+01
  2.0794207472E+00  2.0276760913E+01
  2.0923105913E+00  1.9928781514E+01
  2.1052004355E+00  1.9573390310E+01
  2.1180902797E+00  1.9211013199E+01
  2.1309801238E+00  1.8842103048E+01
  2.1438699680E+00  1.8467136038E+01
  2.1567598122E+00  1.8086607834E+01
  2.1696496563E+00  1.7701029739E+01
  2.1825395005E+00  1.7310924924E+01
  2.1954293447E+00  1.6916824837E+01
  2.2083191888E+00  1.6519265871E+01
  2.2212090330E+00  1.6118786322E+01
  2.2340988772E+00  1.5715923678E+01
  2.2469887213E+00  1.5311212238E+01
  2.2598785655E+00  1.4905181052E+01
  2.2727684097E+00  1.4498352178E+01
  2.2856582538E+00  1.4091239204E+01
  2.2985480980E+00  1.3684346040E+01
  2.3114379421E+00  1.3278165906E+01
  2.3243277863E+00  1.2873180517E+01
  2.3372176305E+00  1.2469859416E+01
  2.3501074746E+00  1.2068659427E+01
  2.3629973188E+00  1.1670024210E+01
  2.3758871630E+00  1.1274383875E+01
  2.3887770071E+00  1.0882154667E+01
  2.4016668513E+00  1.0493738672E+01
  2.4145566955E+00  1.0109523550E+01
  2.4274465396E+00  9.7298822854E+00
  2.4403363838E+00  9.3551729359E+00
  2.4532262280E+00  8.9857383804E+00
  2.4661160721E+00  8.6219060661E+00
  2.4790059163E+00  8.2639877464E+00
  2.4918957604E+00  7.9122792140E+00
  2.5047856046E+00  7.5670600273E+00
  2.5176754488E+00  7.2285932344E+00
  2.5305652929E+00  6.8971250951E+00
  2.5434551371E+00  6.5728848061E+00
  2.5563449813E+00  6.2560842310E+00
  2.5692348254E+00  5.9469176399E+00
  2.5821246696E+00  5.6455614600E+00
  2.5950145138E+00  5.3521740426E+00
  2.6079043579E+00  5.0668954457E+00
  2.6207942021E+00  4.7898472356E+00
  2.6336840463E+00  4.5211323061E+00
  2.6465738904E+00  4.2608347151E+00
  2.6594637346E+00  4.0090195348E+00
  2.6723535787E+00  3.7657327109E+00
  2.6852434229E+00  3.5310009241E+00
  2.6981332671E+00  3.3048314444E+00
  2.7110231112E+00  3.0872119671E+00
  2.7239129554E+00  2.8781104152E+00
  2.7368027996E+00  2.6774746927E+00
  2.7496926437E+00  2.4852323696E+00
  2.7625824879E+00  2.3012902762E+00
  2.7754723321E+00  2.1255339869E+00
  2.7883621762E+00  1.9578271676E+00
  2.8012520204E+00  1.7980107669E+00
  2.8141418646E+00  1.6459020308E+00
  2.8270317087E+00  1.5012933249E+00
  2.8399215529E+00  1.3639507579E+00
  2.8528113970E+00  1.2336126028E+00
  2.8657012412E+00  1.1099875247E+00
  2.8785910854E+00  9.9275261591E-01
  2.8914809295E+00  8.8155121565E-01
  2.9043707737E+00  7.7599038447E-01
  2.9172606179E+00  6.7563760178E-01
  2.9301504620E+00  5.8001534832E-01
  2.9430403062E+00  4.8858937035E-01
  2.9559301504E+00  4.0073607101E-01
  2.9688199945E+00  3.1562909280E-01
  2.9817098387E+00  2.3171892632E-01
  2.9945996829E+00  1.4286983012E-01
  3.0074895270E+00 -9.0058408637E-02
  3.0203793712E+00 -2.5851566605E-01

  0.0000000000E+00 -1.2247178619E-05
  1.1174106604E-02  3.8008020866E-01
  2.2348213208E-02  7.0186053973E-01
  3.3522319811E-02  1.0464202133E+00
  4.4696426415E-02  1.3932144412E+00
  5.5870533019E-02  1.7400295443E+00
  6.7044639623E-02  2.0863437730E+00
  7.8218746227E-02  2.4319172828E+00
  8.9392852831E-02  2.7765803513E+00
  1.0056695943E-01  3.1201861188E+00
  1.1174106604E-01  3.4625970426E+00
  1.2291517264E-01  3.8036803137E+00
  1.3408927925E-01  4.1433061300E+00
  1.4526338585E-01  4.4813470135E+00
  1.5643749245E-01  4.8176775492E+00
  1.6761159906E-01  5.1521743076E+00
  1.7878570566E-01  5.4847158528E+00
  1.8995981226E-01  5.8151827907E+00
  2.0113391887E-01  6.1434578359E+00
  2.1230802547E-01  6.4694258873E+00
  2.2348213208E-01  6.7929741054E+00
  2.3465623868E-01  7.1139919891E+00
  2.4583034528E-01  7.4323714502E+00
  2.5700445189E-01  7.7480068834E+00
  2.6817855849E-01  8.0607952331E+00
  2.7935266510E-01  8.3706360549E+00
  2.9052677170E-01  8.6774315726E+00
  3.0170087830E-01  8.9810867306E+00
  3.1287498491E-01  9.2815092413E+00
  3.2404909151E-01  9.5786096280E+00
  3.3522319811E-01  9.8723012632E+00
  3.4639730472E-01  1.0162500403E+01
  3.5757141132E-01  1.0449126215E+01
  3.6874551793E-01  1.0732100809E+01
  3.7991962453E-01  1.1011349253E+01
  3.9109373113E-01  1.1286799598E+01
  4.0226783774E-01  1.1558382887E+01
  4.1344194434E-01  1.1826033175E+01
  4.2461605094E-01  1.2089687533E+01
  4.3579015755E-01  1.2349286056E+01
  4.4696426415E-01  1.2604771872E+01
  4.5813837076E-01  1.2856091139E+01
  4.6931247736E-01  1.3103193048E+01
  4.8048658396E-01  1.3346029821E+01
  4.9166069057E-01  1.3584556709E+01
  5.0283479717E-01  1.3818731985E+01
  5.1400890378E-01  1.4048516934E+01
  5.2518301038E-01  1.4273875852E+01
  5.3635711698E-01  1.4494776023E+01
  5.4753122359E-01  1.4711187717E+01
  5.5870533019E-01  1.4923084166E+01
  5.6987943679E-01  1.5130441547E+01
  5.8105354340E-01  1.5333238965E+01
  5.9222765000E-01  1.5531458423E+01
  6.0340175661E-01  1.5725084796E+01
  6.1457586321E-01  1.5914105799E+01
  6.2574996981E-01  1.6098511954E+01
  6.3692407642E-01  1.6278296543E+01
  6.4809818302E-01  1.6453455569E+01
  6.5927228963E-01  1.6623987700E+01
  6.7044639623E-01  1.6789894217E+01
  6.8162050283E-01  1.6951178947E+01
  6.9279460944E-01  1.7107848198E+01
  7.0396871604E-01  1.7259910678E+01
  7.1514282264E-01  1.7407377420E+01
  7.2631692925E-01  1.7550261684E+01
  7.3749103585E-01  1.7688578866E+01
  7.4866514246E-01  1.7822346388E+01
  7.5983924906E-01  1.7951583592E+01
  7.7101335566E-01  1.8076311615E+01
  7.8218746227E-01  1.8196553264E+01
  7.9336156887E-01  1.8312332885E+01
  8.0453567547E-01  1.8423676221E+01
  8.1570978208E-01  1.8530610267E+01
  8.2688388868E-01  1.8633163122E+01
  8.3805799529E-01  1.8731363846E+01
  8.4923210189E-01  1.8825242334E+01
  8.6040620849E-01  1.8914829303E+01
  8.7158031510E-01  1.9000157056E+01
  8.8275442170E-01  1.9081292665E+01
  8.9392852831E-01  1.9398589066E+01
  9.0510263491E-01  1.9762705377E+01
  9.1627674151E-01  2.0122538154E+01
  9.2745084812E-01  2.0477296186E+01
  9.3862495472E-01  2.0826090191E+01
  9.4979906132E-01  2.1167911054E+01
  9.6097316793E-01  2.1501606208E+01
  9.7214727453E-01  2.1825852086E+01
  9.8332138114E-01  2.2139122462E+01
  9.9449548774E-01  2.2439653366E+01
  1.0056695943E+00  2.2725406550E+01
  1.0168437009E+00  2.2994035688E+01
  1.0280178076E+00  2.3242862842E+01
  1.0391919142E+00  2.3468877321E+01
  1.0503660208E+00  2.3668774195E+01
  1.0615401274E+00  2.3839053406E+01
  1.0727142340E+00  2.3976198370E+01
  1.0838883406E+00  2.4076939784E+01
  1.0950624472E+00  2.4138582841E+01
  1.1062365538E+00  2.4159339743E+01
  1.1062365538E+00  2.4159339743E+01
  1.1126814855E+00  2.4159617718E+01
  1.1191264173E+00  2.4160451310E+01
  1.1255713491E+00  2.4161839529E+01
  1.1320162809E+00  2.4163780723E+01
  1.1384612126E+00  2.4166272588E+01
  1.1449061444E+00  2.4169312172E+01
  1.1513510762E+00  2.4172895881E+01
  1.1577960079E+00  2.4177019492E+01
  1.1642409397E+00  2.4181678161E+01
  1.1706858715E+00  2.4186866439E+01
  1.1771308032E+00  2.4192578285E+01
  1.1835757350E+00  2.4198807082E+01
  1.1900206668E+00  2.4205545656E+01
  1.1964655985E+00  2.4212786296E+01
  1.2029105303E+00  2.4220520776E+01
  1.2093554621E+00  2.4228740377E+01
  1.2158003939E+00  2.4237435914E+01
  1.2222453256E+00  2.4246597760E+01
  1.2286902574E+00  2.4256215878E+01
  1.2351351892E+00  2.4266279848E+01
  1.2415801209E+00  2.4276778901E+01
  1.2480250527E+00  2.4287701951E+01
  1.2544699845E+00  2.4299037632E+01
  1.2609149162E+00  2.4310774331E+01
  1.2673598480E+00  2.4322900229E+01
  1.2738047798E+00  2.4335403342E+01
  1.2802497115E+00  2.4348271558E+01
  1.2866946433E+00  2.4361492683E+01
  1.2931395751E+00  2.4375054482E+01
  1.2995845068E+00  2.4388944728E+01
  1.3060294386E+00  2.4403151242E+01
  1.3124743704E+00  2.4417661949E+01
  1.3189193022E+00  2.4432464920E+01
  1.3253642339E+00  2.4447548420E+01
  1.3318091657E+00  2.4462900967E+01
  1.3382540975E+00  2.4478511372E+01
  1.3446990292E+00  2.4494368800E+01
  1.3511439610E+00  2.4510462815E+01
  1.3575888928E+00  2.4526783436E+01
  1.3640338245E+00  2.4543321188E+01
  1.3704787563E+00  2.4560067158E+01
  1.3769236881E+00  2.4577013043E+01
  1.3833686198E+00  2.4594151208E+01
  1.3898135516E+00  2.4611474735E+01
  1.3962584834E+00  2.4628977480E+01
  1.4027034152E+00  2.4646654129E+01
  1.4091483469E+00  2.4664500250E+01
  1.4155932787E+00  2.4682512360E+01
  1.4220382105E+00  2.4700687991E+01
  1.4284831422E+00  2.4719025772E+01
  1.4349280740E+00  2.4737525547E+01
  1.4413730058E+00  2.4756188542E+01
  1.4478179375E+00  2.4775017667E+01
  1.4542628693E+00  2.4794018111E+01
  1.4607078011E+00  2.4813198748E+01
  1.4671527328E+00  2.4832576041E+01
  1.4735976646E+00  2.4852188224E+01
  1.4800425964E+00  2.4872175888E+01
  1.4864875281E+00  2.4894401880E+01
  1.4929324599E+00  2.4976034604E+01
  1.4993773917E+00  2.5078354647E+01
  1.5058223235E+00  2.5178229984E+01
  1.5122672552E+00  2.5275078601E+01
  1.5187121870E+00  2.5368647388E+01
  1.5251571188E+00  2.5458735297E+01
  1.5316020505E+00  2.5545163125E+01
  1.5380469823E+00  2.5627767897E+01
  1.5444919141E+00  2.5706402110E+01
  1.5509368458E+00  2.5780934239E+01
  1.5573817776E+00  2.5851249523E+01
  1.5638267094E+00  2.5917250703E+01
  1.5702716411E+00  2.5978858562E+01
  1.5767165729E+00  2.6036012191E+01
  1.5831615047E+00  2.6088668952E+01
  1.5896064365E+00  2.6136804126E+01
  1.5960513682E+00  2.6180410247E+01
  1.6024963000E+00  2.6219496163E+01
  1.6089412318E+00  2.6254085847E+01
  1.6153861635E+00  2.6284217018E+01
  1.6218310953E+00  2.6309939608E+01
  1.6282760271E+00  2.6331314144E+01
  1.6347209588E+00  2.6348410086E+01
  1.6411658906E+00  2.6361304182E+01
  1.6476108224E+00  2.6370078863E+01
  1.6540557541E+00  2.6374820732E+01
  1.6605006859E+00  2.6375619162E+01
  1.6669456177E+00  2.6372565028E+01
  1.6733905495E+00  2.6365749586E+01
  1.6798354812E+00  2.6355263503E+01
  1.6862804130E+00  2.6341196053E+01
  1.6927253448E+00  2.6323634478E+01
  1.6991702765E+00  2.6302663548E+01
  1.7056152083E+00  2.6278365376E+01
  1.7120601401E+00  2.6250819662E+01
  1.7185050718E+00  2.6220104920E+01
  1.7249500036E+00  2.6186302635E+01
  1.7313949354E+00  2.6149513859E+01
  1.7378398671E+00  2.6109965806E+01
  1.7442847989E+00  2.6071797320E+01
  1.7442847989E+00  2.6071797320E+01
  1.7571746431E+00  2.6163292325E+01
  1.7700644872E+00  2.6258947576E+01
  1.7829543314E+00  2.6358688270E+01
  1.7958441756E+00  2.6462464710E+01
  1.8087340197E+00  2.6570187581E+01
  1.8216238639E+00  2.6681725201E+01
  1.8345137081E+00  2.6796902033E+01
  1.8474035522E+00  2.6915497682E+01
  1.8602933964E+00  2.7037246256E+01
  1.8731832406E+00  2.7161836091E+01
  1.8860730847E+00  2.7288909791E+01
  1.8989629289E+00  2.7418064585E+01
  1.9118527730E+00  2.7548852981E+01
  1.9247426172E+00  2.7680783689E+01
  1.9376324614E+00  2.7813322808E+01
  1.9505223055E+00  2.7945895263E+01
  1.9634121497E+00  2.8077886469E+01
  1.9763019939E+00  2.8208644231E+01
  1.9891918380E+00  2.8337480865E+01
  2.0020816822E+00  2.8463675526E+01
  2.0149715264E+00  2.8586476309E+01
  2.0278613705E+00  2.8452216289E+01
  2.0407512147E+00  2.8146781806E+01
  2.0536410589E+00  2.7838015364E+01
  2.0665309030E+00  2.7526363388E+01
  2.0794207472E+00  2.7212200518E+01
  2.0923105913E+00  2.6895834456E+01
  2.1052004355E+00  2.6577511229E+01
  2.1180902797E+00  2.6257420873E+01
  2.1309801238E+00  2.5935703392E+01
  2.1438699680E+00  2.5612454836E+01
  2.1567598122E+00  2.5287733338E+01
  2.1696496563E+00  2.4961564982E+01
  2.1825395005E+00  2.4633949396E+01
  2.1954293447E+00  2.4304864960E+01
  2.2083191888E+00  2.3974273594E+01
  2.2212090330E+00  2.3642125068E+01
  2.2340988772E+00  2.3308360826E+01
  2.2469887213E+00  2.2972917318E+01
  2.2598785655E+00  2.2635728869E+01
  2.2727684097E+00  2.2296730095E+01
  2.2856582538E+00  2.1955857913E+01
  2.2985480980E+00  2.1613053179E+01
  2.3114379421E+00  2.1268261990E+01
  2.3243277863E+00  2.0921436696E+01
  2.3372176305E+00  2.0572536654E+01
  2.3501074746E+00  2.0221528763E+01
  2.3629973188E+00  1.9868387813E+01
  2.3758871630E+00  1.9513096670E+01
  2.3887770071E+00  1.9155646330E+01
  2.4016668513E+00  1.8796035860E+01
  2.4145566955E+00  1.8434272242E+01
  2.4274465396E+00  1.8070370148E+01
  2.4403363838E+00  1.7704351638E+01
  2.4532262280E+00  1.7336245816E+01
  2.4661160721E+00  1.6966088441E+01
  2.4790059163E+00  1.6593921499E+01
  2.4918957604E+00  1.6219792750E+01
  2.5047856046E+00  1.5843755255E+01
  2.5176754488E+00  1.5465866885E+01
  2.5305652929E+00  1.5086189815E+01
  2.5434551371E+00  1.4704790015E+01
  2.5563449813E+00  1.4321736731E+01
  2.5692348254E+00  1.3937101972E+01
  2.5821246696E+00  1.3550959992E+01
  2.5950145138E+00  1.3163386781E+01
  2.6079043579E+00  1.2774459566E+01
  2.6207942021E+00  1.2384256314E+01
  2.6336840463E+00  1.1992855262E+01
  2.6465738904E+00  1.1600334453E+01
  2.6594637346E+00  1.1206771290E+01
  2.6723535787E+00  1.0812242123E+01
  2.6852434229E+00  1.0416821846E+01
  2.6981332671E+00  1.0020583527E+01
  2.7110231112E+00  9.6235980643E+00
  2.7239129554E+00  9.2259338751E+00
  2.7368027996E+00  8.8276566110E+00
  2.7496926437E+00  8.4288289107E+00
  2.7625824879E+00  8.0295101851E+00
  2.7754723321E+00  7.6297564392E+00
  2.7883621762E+00  7.2296201297E+00
  2.8012520204E+00  6.8291500598E+00
  2.8141418646E+00  6.4283913124E+00
  2.8270317087E+00  6.0273852201E+00
  2.8399215529E+00  5.6261693755E+00
  2.8528113970E+00  5.2247776796E+00
  2.8657012412E+00  4.8232404328E+00
  2.8785910854E+00  4.4215844718E+00
  2.8914809295E+00  4.0198333628E+00
  2.9043707737E+00  3.6180076748E+00
  2.9172606179E+00  3.2161253901E+00
  2.9301504620E+00  2.8142026008E+00
  2.9430403062E+00  2.4122549204E+00
  2.9559301504E+00  2.0103010340E+00
  2.9688199945E+00  1.6083740710E+00
  2.9817098387E+00  1.2065705783E+00
  2.9945996829E+00  8.0537571764E-01
  3.0074895270E+00  4.1027683798E-01
  3.0203793712E+00 -1.2247178619E-05

  0.0000000000E+00  2.5851004944E-01
  1.1174106604E-02  5.8531628937E-01
  2.2348213208E-02  1.1651238841E+00
  3.3522319811E-02  1.7470728322E+00
  4.4696426415E-02  2.3289428964E+00
  5.5870533019E-02  2.9104985958E+00
  6.7044639623E-02  3.4916251258E+00
  7.8218746227E-02  4.0722258560E+00
  8.9392852831E-02  4.6522076599E+00
  1.0056695943E-01  5.2314775801E+00
  1.1174106604E-01  5.8099417496E+00
  1.2291517264E-01  6.3875048941E+00
  1.3408927925E-01  6.9640700089E+00
  1.4526338585E-01  7.5395380929E+00
  1.5643749245E-01  8.1138078998E+00
  1.6761159906E-01  8.6867756891E+00
  1.7878570566E-01  9.2583349727E+00
  1.8995981226E-01  9.8283762534E+00
  2.0113391887E-01  1.0396786754E+01
  2.1230802547E-01  1.0963450133E+01
  2.2348213208E-01  1.1528246196E+01
  2.3465623868E-01  1.2091050587E+01
  2.4583034528E-01  1.2651734477E+01
  2.5700445189E-01  1.3210164234E+01
  2.6817855849E-01  1.3766201086E+01
  2.7935266510E-01  1.4319700772E+01
  2.9052677170E-01  1.4870513182E+01
  3.0170087830E-01  1.5418481980E+01
  3.1287498491E-01  1.5963444226E+01
  3.2404909151E-01  1.6505229975E+01
  3.3522319811E-01  1.7043661875E+01
  3.4639730472E-01  1.7578554747E+01
  3.5757141132E-01  1.8109715153E+01
  3.6874551793E-01  1.8636940960E+01
  3.7991962453E-01  1.9160020881E+01
  3.9109373113E-01  1.9678734017E+01
  4.0226783774E-01  2.0192849375E+01
  4.1344194434E-01  2.0702125390E+01
  4.2461605094E-01  2.1206309422E+01
  4.3579015755E-01  2.1705137253E+01
  4.4696426415E-01  2.2198332579E+01
  4.5813837076E-01  2.2685606484E+01
  4.6931247736E-01  2.3166656929E+01
  4.8048658396E-01  2.3641168231E+01
  4.9166069057E-01  2.4108810552E+01
  5.0283479717E-01  2.4569239411E+01
  5.1400890378E-01  2.5022095207E+01
  5.2518301038E-01  2.5467002794E+01
  5.3635711698E-01  2.5903571096E+01
  5.4753122359E-01  2.6331392800E+01
  5.5870533019E-01  2.6750044134E+01
  5.6987943679E-01  2.7159084778E+01
  5.8105354340E-01  2.7558057912E+01
  5.9222765000E-01  2.7946490472E+01
  6.0340175661E-01  2.8323893634E+01
  6.1457586321E-01  2.8689763584E+01
  6.2574996981E-01  2.9043582638E+01
  6.3692407642E-01  2.9384820768E+01
  6.4809818302E-01  2.9712937602E+01
  6.5927228963E-01  3.0027384963E+01
  6.7044639623E-01  3.0327610029E+01
  6.8162050283E-01  3.0613059160E+01
  6.9279460944E-01  3.0883182456E+01
  7.0396871604E-01  3.1137439083E+01
  7.1514282264E-01  3.1375303378E+01
  7.2631692925E-01  3.1596271725E+01
  7.3749103585E-01  3.1799870135E+01
  7.4866514246E-01  3.1985662456E+01
  7.5983924906E-01  3.2153259055E+01
  7.7101335566E-01  3.2302325796E+01
  7.8218746227E-01  3.2432593087E+01
  7.9336156887E-01  3.2543864744E+01
  8.0453567547E-01  3.2636026408E+01
  8.1570978208E-01  3.2709053252E+01
  8.2688388868E-01  3.2763016775E+01
  8.3805799529E-01  3.2798090503E+01
  8.4923210189E-01  3.2814554555E+01
  8.6040620849E-01  3.2812799088E+01
  8.7158031510E-01  3.2793326804E+01
  8.8275442170E-01  3.2756754807E+01
  8.9392852831E-01  3.2703816237E+01
  9.0510263491E-01  3.2635362225E+01
  9.1627674151E-01  3.2552364831E+01
  9.2745084812E-01  3.2455921688E+01
  9.3862495472E-01  3.2347263156E+01
  9.4979906132E-01  3.2227762776E+01
  9.6097316793E-01  3.2098951785E+01
  9.7214727453E-01  3.1962538225E+01
  9.8332138114E-01  3.1820430844E+01
  9.9449548774E-01  3.1674767171E+01
  1.0056695943E+00  3.1527943833E+01
  1.0168437009E+00  3.1382644957E+01
  1.0280178076E+00  3.1241861084E+01
  1.0391919142E+00  3.1108886451E+01
  1.0503660208E+00  3.0987277276E+01
  1.0615401274E+00  3.0880750080E+01
  1.0727142340E+00  3.0793001051E+01
  1.0838883406E+00  3.0727440677E+01
  1.0950624472E+00  3.0686865386E+01
  1.1062365538E+00  3.0673124247E+01
  1.1062365538E+00  3.0673124247E+01
  1.1126814855E+00  3.0673153620E+01
  1.1191264173E+00  3.0673241838E+01
  1.1255713491E+00  3.0673389203E+01
  1.1320162809E+00  3.0673596220E+01
  1.1384612126E+00  3.0673863607E+01
  1.1449061444E+00  3.0674192300E+01
  1.1513510762E+00  3.0674583461E+01
  1.1577960079E+00  3.0675038498E+01
  1.1642409397E+00  3.0675559074E+01
  1.1706858715E+00  3.0676147128E+01
  1.1771308032E+00  3.0676804894E+01
  1.1835757350E+00  3.0677534925E+01
  1.1900206668E+00  3.0678340118E+01
  1.1964655985E+00  3.0679223742E+01
  1.2029105303E+00  3.0680189472E+01
  1.2093554621E+00  3.0681241421E+01
  1.2158003939E+00  3.0682384177E+01
  1.2222453256E+00  3.0683622848E+01
  1.2286902574E+00  3.0684963102E+01
  1.2351351892E+00  3.0686411215E+01
  1.2415801209E+00  3.0687974128E+01
  1.2480250527E+00  3.0689659493E+01
  1.2544699845E+00  3.0691475742E+01
  1.2609149162E+00  3.0693432143E+01
  1.2673598480E+00  3.0695538871E+01
  1.2738047798E+00  3.0697807082E+01
  1.2802497115E+00  3.0700248985E+01
  1.2866946433E+00  3.0702877925E+01
  1.2931395751E+00  3.0705708471E+01
  1.2995845068E+00  3.0708756505E+01
  1.3060294386E+00  3.0712039317E+01
  1.3124743704E+00  3.0715575704E+01
  1.3189193022E+00  3.0719386077E+01
  1.3253642339E+00  3.0723492568E+01
  1.3318091657E+00  3.0727919141E+01
  1.3382540975E+00  3.0732691708E+01
  1.3446990292E+00  3.0737838248E+01
  1.3511439610E+00  3.0743388920E+01
  1.3575888928E+00  3.0749376188E+01
  1.3640338245E+00  3.0755834933E+01
  1.3704787563E+00  3.0762802565E+01
  1.3769236881E+00  3.0770319128E+01
  1.3833686198E+00  3.0778427401E+01
  1.3898135516E+00  3.0787172969E+01
  1.3962584834E+00  3.0796604296E+01
  1.4027034152E+00  3.0806772757E+01
  1.4091483469E+00  3.0817732650E+01
  1.4155932787E+00  3.0829541167E+01
  1.4220382105E+00  3.0842258320E+01
  1.4284831422E+00  3.0855946811E+01
  1.4349280740E+00  3.0870671838E+01
  1.4413730058E+00  3.0886500825E+01
  1.4478179375E+00  3.0903503063E+01
  1.4542628693E+00  3.0921749254E+01
  1.4607078011E+00  3.0941310944E+01
  1.4671527328E+00  3.0962259828E+01
  1.4735976646E+00  3.0984666930E+01
  1.4800425964E+00  3.1008601639E+01
  1.4864875281E+00  3.1034130607E+01
  1.4929324599E+00  3.1061316497E+01
  1.4993773917E+00  3.1090216601E+01
  1.5058223235E+00  3.1120881331E+01
  1.5122672552E+00  3.1153352605E+01
  1.5187121870E+00  3.1187662159E+01
  1.5251571188E+00  3.1223829819E+01
  1.5316020505E+00  3.1261861775E+01
  1.5380469823E+00  3.1301748911E+01
  1.5444919141E+00  3.1343465237E+01
  1.5509368458E+00  3.1386966497E+01
  1.5573817776E+00  3.1432188981E+01
  1.5638267094E+00  3.1479048613E+01
  1.5702716411E+00  3.1527440354E+01
  1.5767165729E+00  3.1577237932E+01
  1.5831615047E+00  3.1628293946E+01
  1.5896064365E+00  3.1680440324E+01
  1.5960513682E+00  3.1733489139E+01
  1.6024963000E+00  3.1787233747E+01
  1.6089412318E+00  3.1841450227E+01
  1.6153861635E+00  3.1895899063E+01
  1.6218310953E+00  3.1950327035E+01
  1.6282760271E+00  3.2004469262E+01
  1.6347209588E+00  3.2058051340E+01
  1.6411658906E+00  3.2110791549E+01
  1.6476108224E+00  3.2162403071E+01
  1.6540557541E+00  3.2212596193E+01
  1.6605006859E+00  3.2261080464E+01
  1.6669456177E+00  3.2307566798E+01
  1.6733905495E+00  3.2351769481E+01
  1.6798354812E+00  3.2393408104E+01
  1.6862804130E+00  3.2432209387E+01
  1.6927253448E+00  3.2467908906E+01
  1.6991702765E+00  3.2500252709E+01
  1.7056152083E+00  3.2528998823E+01
  1.7120601401E+00  3.2553918644E+01
  1.7185050718E+00  3.2574798201E+01
  1.7249500036E+00  3.2591439302E+01
  1.7313949354E+00  3.2603660526E+01
  1.7378398671E+00  3.2611298092E+01
  1.7442847989E+00  3.2614206554E+01
  1.7442847989E+00  3.2614206554E+01
  1.7571746431E+00  3.2602389567E+01
  1.7700644872E+00  3.2570298925E+01
  1.7829543314E+00  3.2517510866E+01
  1.7958441756E+00  3.2443903329E+01
  1.8087340197E+00  3.2349637299E+01
  1.8216238639E+00  3.2235129687E+01
  1.8345137081E+00  3.2101019892E+01
  1.8474035522E+00  3.1948132486E+01
  1.8602933964E+00  3.1777438441E+01
  1.8731832406E+00  3.1590017052E+01
  1.8860730847E+00  3.1387020235E+01
  1.8989629289E+00  3.1169640362E+01
  1.9118527730E+00  3.0939082257E+01
  1.9247426172E+00  3.0696539577E+01
  1.9376324614E+00  3.0443175421E+01
  1.9505223055E+00  3.0180106861E+01
  1.9634121497E+00  2.9908392946E+01
  1.9763019939E+00  2.9629025708E+01
  1.9891918380E+00  2.9342923747E+01
  2.0020816822E+00  2.9050928020E+01
  2.0149715264E+00  2.8753799965E+01
  2.0278613705E+00  2.8705107551E+01
  2.0407512147E+00  2.8818760749E+01
  2.0536410589E+00  2.8926613927E+01
  2.0665309030E+00  2.9027824759E+01
  2.0794207472E+00  2.9121537880E+01
  2.0923105913E+00  2.9206889108E+01
  2.1052004355E+00  2.9283010251E+01
  2.1180902797E+00  2.9349034319E+01
  2.1309801238E+00  2.9404101127E+01
  2.1438699680E+00  2.9447363250E+01
  2.1567598122E+00  2.9477992301E+01
  2.1696496563E+00  2.9495185460E+01
  2.1825395005E+00  2.9498172171E+01
  2.1954293447E+00  2.9486220876E+01
  2.2083191888E+00  2.9458645681E+01
  2.2212090330E+00  2.9414812757E+01
  2.2340988772E+00  2.9354146348E+01
  2.2469887213E+00  2.9276134176E+01
  2.2598785655E+00  2.9180332101E+01
  2.2727684097E+00  2.9066367864E+01
  2.2856582538E+00  2.8933943792E+01
  2.2985480980E+00  2.8782838375E+01
  2.3114379421E+00  2.8612906652E+01
  2.3243277863E+00  2.8424079408E+01
  2.3372176305E+00  2.8216361228E+01
  2.3501074746E+00  2.7989827479E+01
  2.3629973188E+00  2.7744620349E+01
  2.3758871630E+00  2.7480944105E+01
  2.3887770071E+00  2.7199059715E+01
  2.4016668513E+00  2.6899279043E+01
  2.4145566955E+00  2.6581958772E+01
  2.4274465396E+00  2.6247494237E+01
  2.4403363838E+00  2.5896313320E+01
  2.4532262280E+00  2.5528870524E+01
  2.4661160721E+00  2.5145641349E+01
  2.4790059163E+00  2.4747117050E+01
  2.4918957604E+00  2.4333799819E+01
  2.5047856046E+00  2.3906198449E+01
  2.5176754488E+00  2.3464824486E+01
  2.5305652929E+00  2.3010188863E+01
  2.5434551371E+00  2.2542799023E+01
  2.5563449813E+00  2.2063156490E+01
  2.5692348254E+00  2.1571754873E+01
  2.5821246696E+00  2.1069078258E+01
  2.5950145138E+00  2.0555599972E+01
  2.6079043579E+00  2.0031781653E+01
  2.6207942021E+00  1.9498072619E+01
  2.6336840463E+00  1.8954909485E+01
  2.6465738904E+00  1.8402715994E+01
  2.6594637346E+00  1.7841903040E+01
  2.6723535787E+00  1.7272868850E+01
  2.6852434229E+00  1.6695999292E+01
  2.6981332671E+00  1.6111668299E+01
  2.7110231112E+00  1.5520238370E+01
  2.7239129554E+00  1.4922061152E+01
  2.7368027996E+00  1.4317478058E+01
  2.7496926437E+00  1.3706820929E+01
  2.7625824879E+00  1.3090412710E+01
  2.7754723321E+00  1.2468568148E+01
  2.7883621762E+00  1.1841594472E+01
  2.8012520204E+00  1.1209792076E+01
  2.8141418646E+00  1.0573455178E+01
  2.8270317087E+00  9.9328724604E+00
  2.8399215529E+00  9.2883276781E+00
  2.8528113970E+00  8.6401002344E+00
  2.8657012412E+00  7.9884657264E+00
  2.8785910854E+00  7.3336964551E+00
  2.8914809295E+00  6.6760619085E+00
  2.9043707737E+00  6.0158292293E+00
  2.9172606179E+00  5.3532636998E+00
  2.9301504620E+00  4.6886293316E+00
  2.9430403062E+00  4.0221898069E+00
  2.9559301504E+00  3.3542106115E+00
  2.9688199945E+00  2.6849657619E+00
  2.9817098387E+00  2.0147673201E+00
  2.9945996829E+00  1.3441683146E+00
  3.0074895270E+00  6.7739258864E-01
  3.0203793712E+00  2.5851004944E-01

  0.0000000000E+00  5.0524984284E+01
  1.1174106604E-02  5.0524568149E+01
  2.2348213208E-02  5.0522983809E+01
  3.3522319811E-02  5.0520330489E+01
  4.4696426415E-02  5.0516618952E+01
  5.5870533019E-02  5.0511855210E+01
  6.7044639623E-02  5.0506046050E+01
  7.8218746227E-02  5.0499199545E+01
  8.9392852831E-02  5.0491325134E+01
  1.0056695943E-01  5.0482433635E+01
  1.1174106604E-01  5.0472537226E+01
  1.2291517264E-01  5.0461649427E+01
  1.3408927925E-01  5.0449785068E+01
  1.4526338585E-01  5.0436960266E+01
  1.5643749245E-01  5.0423192383E+01
  1.6761159906E-01  5.0408500001E+01
  1.7878570566E-01  5.0392902876E+01
  1.8995981226E-01  5.0376421903E+01
  2.0113391887E-01  5.0359079073E+01
  2.1230802547E-01  5.0340897432E+01
  2.2348213208E-01  5.0321901037E+01
  2.3465623868E-01  5.0302114908E+01
  2.4583034528E-01  5.0281564985E+01
  2.5700445189E-01  5.0260278078E+01
  2.6817855849E-01  5.0238281822E+01
  2.7935266510E-01  5.0215604625E+01
  2.9052677170E-01  5.0192275619E+01
  3.0170087830E-01  5.0168324615E+01
  3.1287498491E-01  5.0143782047E+01
  3.2404909151E-01  5.0118678925E+01
  3.3522319811E-01  5.0093046786E+01
  3.4639730472E-01  5.0066917640E+01
  3.5757141132E-01  5.0040323924E+01
  3.6874551793E-01  5.0013298448E+01
  3.7991962453E-01  4.9985874347E+01
  3.9109373113E-01  4.9958085032E+01
  4.0226783774E-01  4.9929964136E+01
  4.1344194434E-01  4.9901545469E+01
  4.2461605094E-01  4.9872862964E+01
  4.3579015755E-01  4.9843950633E+01
  4.4696426415E-01  4.9814842509E+01
  4.5813837076E-01  4.9785572606E+01
  4.6931247736E-01  4.9756174863E+01
  4.8048658396E-01  4.9726683096E+01
  4.9166069057E-01  4.9697130954E+01
  5.0283479717E-01  4.9667551861E+01
  5.1400890378E-01  4.9637978975E+01
  5.2518301038E-01  4.9608445136E+01
  5.3635711698E-01  4.9578982818E+01
  5.4753122359E-01  4.9549624081E+01
  5.5870533019E-01  4.9520400526E+01
  5.6987943679E-01  4.9491343243E+01
  5.8105354340E-01  4.9462482769E+01
  5.9222765000E-01  4.9433849045E+01
  6.0340175661E-01  4.9405471365E+01
  6.1457586321E-01  4.9377378340E+01
  6.2574996981E-01  4.9349597852E+01
  6.3692407642E-01  4.9322157021E+01
  6.4809818302E-01  4.9295082159E+01
  6.5927228963E-01  4.9268398742E+01
  6.7044639623E-01  4.9242131377E+01
  6.8162050283E-01  4.9216303769E+01
  6.9279460944E-01  4.9190938694E+01
  7.0396871604E-01  4.9166057981E+01
  7.1514282264E-01  4.9141682487E+01
  7.2631692925E-01  4.9117832082E+01
  7.3749103585E-01  4.9094525639E+01
  7.4866514246E-01  4.9071781024E+01
  7.5983924906E-01  4.9049615088E+01
  7.7101335566E-01  4.9028043677E+01
  7.8218746227E-01  4.9007081627E+01
  7.9336156887E-01  4.8986742777E+01
  8.0453567547E-01  4.8967039982E+01
  8.1570978208E-01  4.8947985130E+01
  8.2688388868E-01  4.8929589163E+01
  8.3805799529E-01  4.8911862103E+01
  8.4923210189E-01  4.8894813081E+01
  8.6040620849E-01  4.8878450371E+01
  8.7158031510E-01  4.8862781423E+01
  8.8275442170E-01  4.8847812904E+01
  8.9392852831E-01  4.8833550741E+01
  9.0510263491E-01  4.8820000160E+01
  9.1627674151E-01  4.8807165735E+01
  9.2745084812E-01  4.8795051437E+01
  9.3862495472E-01  4.8783660674E+01
  9.4979906132E-01  4.8772996348E+01
  9.6097316793E-01  4.8763060896E+01
  9.7214727453E-01  4.8753856343E+01
  9.8332138114E-01  4.8745384346E+01
  9.9449548774E-01  4.8737646241E+01
  1.0056695943E+00  4.8730643083E+01
  1.0168437009E+00  4.8724375694E+01
  1.0280178076E+00  4.8718844695E+01
  1.0391919142E+00  4.8714050547E+01
  1.0503660208E+00  4.8709993579E+01
  1.0615401274E+00  4.8706674020E+01
  1.0727142340E+00  4.8704092022E+01
  1.0838883406E+00  4.8702247683E+01
  1.0950624472E+00  4.8701141060E+01
  1.1062365538E+00  4.8700772183E+01
  1.1062365538E+00  4.8700772183E+01
  1.1126814855E+00  4.8700309854E+01
  1.1191264173E+00  4.8698923484E+01
  1.1255713491E+00  4.8696614929E+01
  1.1320162809E+00  4.8693387277E+01
  1.1384612126E+00  4.8689244846E+01
  1.1449061444E+00  4.8684193180E+01
  1.1513510762E+00  4.8678239040E+01
  1.1577960079E+00  4.8671390400E+01
  1.1642409397E+00  4.8663656431E+01
  1.1706858715E+00  4.8655047496E+01
  1.1771308032E+00  4.8645575135E+01
  1.1835757350E+00  4.8635252050E+01
  1.1900206668E+00  4.8624092091E+01
  1.1964655985E+00  4.8612110239E+01
  1.2029105303E+00  4.8599322586E+01
  1.2093554621E+00  4.8585746317E+01
  1.2158003939E+00  4.8571399686E+01
  1.2222453256E+00  4.8556301998E+01
  1.2286902574E+00  4.8540473578E+01
  1.2351351892E+00  4.8523935750E+01
  1.2415801209E+00  4.8506710807E+01
  1.2480250527E+00  4.8488821983E+01
  1.2544699845E+00  4.8470293425E+01
  1.2609149162E+00  4.8451150155E+01
  1.2673598480E+00  4.8431418042E+01
  1.2738047798E+00  4.8411123765E+01
  1.2802497115E+00  4.8390294779E+01
  1.2866946433E+00  4.8368959272E+01
  1.2931395751E+00  4.8347146131E+01
  1.2995845068E+00  4.8324884899E+01
  1.3060294386E+00  4.8302205733E+01
  1.3124743704E+00  4.8279139361E+01
  1.3189193022E+00  4.8255717038E+01
  1.3253642339E+00  4.8231970498E+01
  1.3318091657E+00  4.8207931911E+01
  1.3382540975E+00  4.8183633830E+01
  1.3446990292E+00  4.8159109143E+01
  1.3511439610E+00  4.8134391027E+01
  1.3575888928E+00  4.8109512892E+01
  1.3640338245E+00  4.8084508331E+01
  1.3704787563E+00  4.8059411068E+01
  1.3769236881E+00  4.8034254905E+01
  1.3833686198E+00  4.8009073668E+01
  1.3898135516E+00  4.7983901156E+01
  1.3962584834E+00  4.7958771085E+01
  1.4027034152E+00  4.7933717033E+01
  1.4091483469E+00  4.7908772394E+01
  1.4155932787E+00  4.7883970317E+01
  1.4220382105E+00  4.7859343659E+01
  1.4284831422E+00  4.7834924935E+01
  1.4349280740E+00  4.7810746263E+01
  1.4413730058E+00  4.7786839319E+01
  1.4478179375E+00  4.7763235290E+01
  1.4542628693E+00  4.7739964827E+01
  1.4607078011E+00  4.7717058000E+01
  1.4671527328E+00  4.7694544260E+01
  1.4735976646E+00  4.7672452396E+01
  1.4800425964E+00  4.7650810501E+01
  1.4864875281E+00  4.7629645934E+01
  1.4929324599E+00  4.7608985293E+01
  1.4993773917E+00  4.7588854384E+01
  1.5058223235E+00  4.7569278194E+01
  1.5122672552E+00  4.7550280871E+01
  1.5187121870E+00  4.7531885707E+01
  1.5251571188E+00  4.7514115115E+01
  1.5316020505E+00  4.7496990627E+01
  1.5380469823E+00  4.7480532876E+01
  1.5444919141E+00  4.7464761599E+01
  1.5509368458E+00  4.7449695630E+01
  1.5573817776E+00  4.7435352904E+01
  1.5638267094E+00  4.7421750463E+01
  1.5702716411E+00  4.7408904464E+01
  1.5767165729E+00  4.7396830194E+01
  1.5831615047E+00  4.7385542080E+01
  1.5896064365E+00  4.7375053713E+01
  1.5960513682E+00  4.7365377866E+01
  1.6024963000E+00  4.7356526518E+01
  1.6089412318E+00  4.7348510882E+01
  1.6153861635E+00  4.7341341434E+01
  1.6218310953E+00  4.7335027941E+01
  1.6282760271E+00  4.7329579493E+01
  1.6347209588E+00  4.7325004541E+01
  1.6411658906E+00  4.7321310926E+01
  1.6476108224E+00  4.7318505918E+01
  1.6540557541E+00  4.7316596250E+01
  1.6605006859E+00  4.7315588157E+01
  1.6669456177E+00  4.7315487405E+01
  1.6733905495E+00  4.7316299331E+01
  1.6798354812E+00  4.7318028872E+01
  1.6862804130E+00  4.7320680597E+01
  1.6927253448E+00  4.7324258730E+01
  1.6991702765E+00  4.7328767163E+01
  1.7056152083E+00  4.7334209458E+01
  1.7120601401E+00  4.7340588795E+01
  1.7185050718E+00  4.7347907826E+01
  1.7249500036E+00  4.7356168167E+01
  1.7313949354E+00  4.7365368412E+01
  1.7378398671E+00  4.7375491524E+01
  1.7442847989E+00  4.7386030420E+01
  1.7442847989E+00  4.7386030420E+01
  1.7571746431E+00  4.7372814317E+01
  1.7700644872E+00  4.7376284658E+01
  1.7829543314E+00  4.7396407796E+01
  1.7958441756E+00  4.7432806013E+01
  1.8087340197E+00  4.7484886275E+01
  1.8216238639E+00  4.7551862722E+01
  1.8345137081E+00  4.7632770681E+01
  1.8474035522E+00  4.7703628599E+01
  1.8602933964E+00  4.7760275720E+01
  1.8731832406E+00  4.7820746795E+01
  1.8860730847E+00  4.7885014409E+01
  1.8989629289E+00  4.7953019860E+01
  1.9118527730E+00  4.8024679399E+01
  1.9247426172E+00  4.8099879156E+01
  1.9376324614E+00  4.8178467972E+01
  1.9505223055E+00  4.8260248416E+01
  1.9634121497E+00  4.8344965676E+01
  1.9763019939E+00  4.8432293921E+01
  1.9891918380E+00  4.8521819722E+01
  2.0020816822E+00  4.8613022248E+01
  2.0149715264E+00  4.8705250383E+01
  2.0278613705E+00  4.8797697798E+01
  2.0407512147E+00  4.8889378705E+01
  2.0536410589E+00  4.8979109907E+01
  2.0665309030E+00  4.9065508819E+01
  2.0794207472E+00  4.9147021703E+01
  2.0923105913E+00  4.9221998593E+01
  2.1052004355E+00  4.9288826207E+01
  2.1180902797E+00  4.9346112304E+01
  2.1309801238E+00  4.9392886095E+01
  2.1438699680E+00  4.9428754860E+01
  2.1567598122E+00  4.9453959906E+01
  2.1696496563E+00  4.9469312814E+01
  2.1825395005E+00  4.9476042498E+01
  2.1954293447E+00  4.9475610969E+01
  2.2083191888E+00  4.9469549039E+01
  2.2212090330E+00  4.9459337746E+01
  2.2340988772E+00  4.9446337608E+01
  2.2469887213E+00  4.9431755283E+01
  2.2598785655E+00  4.9416634585E+01
  2.2727684097E+00  4.9401861096E+01
  2.2856582538E+00  4.9388173202E+01
  2.2985480980E+00  4.9376175386E+01
  2.3114379421E+00  4.9366351653E+01
  2.3243277863E+00  4.9359078217E+01
  2.3372176305E+00  4.9354635174E+01
  2.3501074746E+00  4.9353217205E+01
  2.3629973188E+00  4.9354943449E+01
  2.3758871630E+00  4.9359866669E+01
  2.3887770071E+00  4.9367981833E+01
  2.4016668513E+00  4.9379234175E+01
  2.4145566955E+00  4.9393526745E+01
  2.4274465396E+00  4.9410727482E+01
  2.4403363838E+00  4.9430675772E+01
  2.4532262280E+00  4.9453188475E+01
  2.4661160721E+00  4.9478065426E+01
  2.4790059163E+00  4.9505094366E+01
  2.4918957604E+00  4.9534055334E+01
  2.5047856046E+00  4.9564724507E+01
  2.5176754488E+00  4.9596877517E+01
  2.5305652929E+00  4.9630292266E+01
  2.5434551371E+00  4.9664751280E+01
  2.5563449813E+00  4.9700043623E+01
  2.5692348254E+00  4.9735966435E+01
  2.5821246696E+00  4.9772326112E+01
  2.5950145138E+00  4.9808939178E+01
  2.6079043579E+00  4.9845632896E+01
  2.6207942021E+00  4.9882245635E+01
  2.6336840463E+00  4.9918627053E+01
  2.6465738904E+00  4.9954638100E+01
  2.6594637346E+00  4.9990150888E+01
  2.6723535787E+00  5.0025048453E+01
  2.6852434229E+00  5.0059224410E+01
  2.6981332671E+00  5.0092582549E+01
  2.7110231112E+00  5.0125036368E+01
  2.7239129554E+00  5.0156508562E+01
  2.7368027996E+00  5.0186930486E+01
  2.7496926437E+00  5.0216241596E+01
  2.7625824879E+00  5.0244388877E+01
  2.7754723321E+00  5.0271326269E+01
  2.7883621762E+00  5.0297014098E+01
  2.8012520204E+00  5.0321418506E+01
  2.8141418646E+00  5.0344510904E+01
  2.8270317087E+00  5.0366267433E+01
  2.8399215529E+00  5.0386668446E+01
  2.8528113970E+00  5.0405698014E+01
  2.8657012412E+00  5.0423343452E+01
  2.8785910854E+00  5.0439594874E+01
  2.8914809295E+00  5.0454444775E+01
  2.9043707737E+00  5.0467887641E+01
  2.9172606179E+00  5.0479919589E+01
  2.9301504620E+00  5.0490538041E+01
  2.9430403062E+00  5.0499741425E+01
  2.9559301504E+00  5.0507528912E+01
  2.9688199945E+00  5.0513900180E+01
  2.9817098387E+00  5.0518855205E+01
  2.9945996829E+00  5.0522393983E+01
  3.0074895270E+00  5.0524515009E+01
  3.0203793712E+00  5.0524984284E+01

  0.0000000000E+00  5.0525243194E+01
  1.1174106604E-02  5.0525800272E+01
  2.2348213208E-02  5.0527807340E+01
  3.3522319811E-02  5.0531164865E+01
  4.4696426415E-02  5.0535861560E+01
  5.5870533019E-02  5.0541890648E+01
  6.7044639623E-02  5.0549244315E+01
  7.8218746227E-02  5.0557913158E+01
  8.9392852831E-02  5.0567886067E+01
  1.0056695943E-01  5.0579150163E+01
  1.1174106604E-01  5.0591690757E+01
  1.2291517264E-01  5.0605491315E+01
  1.3408927925E-01  5.0620533417E+01
  1.4526338585E-01  5.0636796712E+01
  1.5643749245E-01  5.0654258881E+01
  1.6761159906E-01  5.0672895587E+01
  1.7878570566E-01  5.0692680432E+01
  1.8995981226E-01  5.0713584909E+01
  2.0113391887E-01  5.0735578353E+01
  2.1230802547E-01  5.0758627893E+01
  2.2348213208E-01  5.0782698400E+01
  2.3465623868E-01  5.0807752436E+01
  2.4583034528E-01  5.0833750202E+01
  2.5700445189E-01  5.0860649485E+01
  2.6817855849E-01  5.0888405597E+01
  2.7935266510E-01  5.0916971320E+01
  2.9052677170E-01  5.0946296841E+01
  3.0170087830E-01  5.0976329683E+01
  3.1287498491E-01  5.1007014633E+01
  3.2404909151E-01  5.1038293655E+01
  3.3522319811E-01  5.1070105805E+01
  3.4639730472E-01  5.1102387121E+01
  3.5757141132E-01  5.1135070508E+01
  3.6874551793E-01  5.1168085597E+01
  3.7991962453E-01  5.1201358597E+01
  3.9109373113E-01  5.1234812106E+01
  4.0226783774E-01  5.1268364905E+01
  4.1344194434E-01  5.1301931715E+01
  4.2461605094E-01  5.1335422919E+01
  4.3579015755E-01  5.1368744238E+01
  4.4696426415E-01  5.1401796361E+01
  4.5813837076E-01  5.1434474522E+01
  4.6931247736E-01  5.1466668019E+01
  4.8048658396E-01  5.1498259677E+01
  4.9166069057E-01  5.1529125239E+01
  5.0283479717E-01  5.1559132709E+01
  5.1400890378E-01  5.1588141636E+01
  5.2518301038E-01  5.1616002360E+01
  5.3635711698E-01  5.1642555260E+01
  5.4753122359E-01  5.1667630025E+01
  5.5870533019E-01  5.1691045047E+01
  5.6987943679E-01  5.1712607020E+01
  5.8105354340E-01  5.1732110903E+01
  5.9222765000E-01  5.1749340463E+01
  6.0340175661E-01  5.1764069675E+01
  6.1457586321E-01  5.1776065347E+01
  6.2574996981E-01  5.1785091418E+01
  6.3692407642E-01  5.1790915454E+01
  6.4809818302E-01  5.1793317849E+01
  6.5927228963E-01  5.1792104183E+01
  6.7044639623E-01  5.1787120912E+01
  6.8162050283E-01  5.1778274095E+01
  6.9279460944E-01  5.1765550168E+01
  7.0396871604E-01  5.1749036903E+01
  7.1514282264E-01  5.1728941812E+01
  7.2631692925E-01  5.1705604765E+01
  7.3749103585E-01  5.1679501666E+01
  7.4866514246E-01  5.1651236997E+01
  7.5983924906E-01  5.1621524750E+01
  7.7101335566E-01  5.1591159235E+01
  7.8218746227E-01  5.1560979000E+01
  7.9336156887E-01  5.1531828018E+01
  8.0453567547E-01  5.1504518224E+01
  8.1570978208E-01  5.1479796691E+01
  8.2688388868E-01  5.1458319454E+01
  8.3805799529E-01  5.1440632788E+01
  8.4923210189E-01  5.1427161733E+01
  8.6040620849E-01  5.1418205079E+01
  8.7158031510E-01  5.1413935665E+01
  8.8275442170E-01  5.1414404834E+01
  8.9392852831E-01  5.1419549878E+01
  9.0510263491E-01  5.1429203506E+01
  9.1627674151E-01  5.1443104447E+01
  9.2745084812E-01  5.1460908514E+01
  9.3862495472E-01  5.1482199535E+01
  9.4979906132E-01  5.1506499744E+01
  9.6097316793E-01  5.1533279342E+01
  9.7214727453E-01  5.1561965084E+01
  9.8332138114E-01  5.1591947913E+01
  9.9449548774E-01  5.1622589865E+01
  1.0056695943E+00  5.1653230650E+01
  1.0168437009E+00  5.1683194587E+01
  1.0280178076E+00  5.1711798800E+01
  1.0391919142E+00  5.1738363756E+01
  1.0503660208E+00  5.1762227300E+01
  1.0615401274E+00  5.1782763034E+01
  1.0727142340E+00  5.1799403216E+01
  1.0838883406E+00  5.1811665140E+01
  1.0950624472E+00  5.1819178459E+01
  1.1062365538E+00  5.1821709538E+01
  1.1062365538E+00  5.1821709538E+01
  1.1126814855E+00  5.1821585335E+01
  1.1191264173E+00  5.1821212862E+01
  1.1255713491E+00  5.1820592528E+01
  1.1320162809E+00  5.1819725014E+01
  1.1384612126E+00  5.1818611276E+01
  1.1449061444E+00  5.1817252540E+01
  1.1513510762E+00  5.1815650308E+01
  1.1577960079E+00  5.1813806355E+01
  1.1642409397E+00  5.1811722731E+01
  1.1706858715E+00  5.1809401761E+01
  1.1771308032E+00  5.1806846046E+01
  1.1835757350E+00  5.1804058461E+01
  1.1900206668E+00  5.1801042158E+01
  1.1964655985E+00  5.1797800567E+01
  1.2029105303E+00  5.1794337393E+01
  1.2093554621E+00  5.1790656618E+01
  1.2158003939E+00  5.1786762498E+01
  1.2222453256E+00  5.1782659569E+01
  1.2286902574E+00  5.1778352638E+01
  1.2351351892E+00  5.1773846788E+01
  1.2415801209E+00  5.1769147372E+01
  1.2480250527E+00  5.1764260017E+01
  1.2544699845E+00  5.1759190616E+01
  1.2609149162E+00  5.1753945327E+01
  1.2673598480E+00  5.1748530572E+01
  1.2738047798E+00  5.1742953030E+01
  1.2802497115E+00  5.1737219637E+01
  1.2866946433E+00  5.1731337577E+01
  1.2931395751E+00  5.1725314278E+01
  1.2995845068E+00  5.1719157406E+01
  1.3060294386E+00  5.1712874861E+01
  1.3124743704E+00  5.1706474765E+01
  1.3189193022E+00  5.1699965454E+01
  1.3253642339E+00  5.1693355473E+01
  1.3318091657E+00  5.1686653562E+01
  1.3382540975E+00  5.1679868642E+01
  1.3446990292E+00  5.1673009789E+01
  1.3511439610E+00  5.1666086172E+01
  1.3575888928E+00  5.1659106481E+01
  1.3640338245E+00  5.1632044238E+01
  1.3704787563E+00  5.1560445068E+01
  1.3769236881E+00  5.1487495603E+01
  1.3833686198E+00  5.1413234998E+01
  1.3898135516E+00  5.1337701586E+01
  1.3962584834E+00  5.1260935266E+01
  1.4027034152E+00  5.1182977683E+01
  1.4091483469E+00  5.1103872322E+01
  1.4155932787E+00  5.1023664593E+01
  1.4220382105E+00  5.0942401906E+01
  1.4284831422E+00  5.0860133758E+01
  1.4349280740E+00  5.0776911817E+01
  1.4413730058E+00  5.0692790005E+01
  1.4478179375E+00  5.0607824596E+01
  1.4542628693E+00  5.0522074301E+01
  1.4607078011E+00  5.0435600367E+01
  1.4671527328E+00  5.0348466673E+01
  1.4735976646E+00  5.0260739828E+01
  1.4800425964E+00  5.0172489271E+01
  1.4864875281E+00  5.0083787372E+01
  1.4929324599E+00  4.9994709531E+01
  1.4993773917E+00  4.9905334280E+01
  1.5058223235E+00  4.9815743377E+01
  1.5122672552E+00  4.9726021905E+01
  1.5187121870E+00  4.9636258360E+01
  1.5251571188E+00  4.9546544738E+01
  1.5316020505E+00  4.9456976612E+01
  1.5380469823E+00  4.9367653202E+01
  1.5444919141E+00  4.9278677430E+01
  1.5509368458E+00  4.9190155965E+01
  1.5573817776E+00  4.9102199251E+01
  1.5638267094E+00  4.9014921513E+01
  1.5702716411E+00  4.8928440743E+01
  1.5767165729E+00  4.8842878656E+01
  1.5831615047E+00  4.8758360619E+01
  1.5896064365E+00  4.8675015547E+01
  1.5960513682E+00  4.8592975754E+01
  1.6024963000E+00  4.8512376768E+01
  1.6089412318E+00  4.8433357096E+01
  1.6153861635E+00  4.8356057937E+01
  1.6218310953E+00  4.8280622835E+01
  1.6282760271E+00  4.8207197286E+01
  1.6347209588E+00  4.8135928261E+01
  1.6411658906E+00  4.8066963685E+01
  1.6476108224E+00  4.8000451830E+01
  1.6540557541E+00  4.7936540654E+01
  1.6605006859E+00  4.7875377064E+01
  1.6669456177E+00  4.7817106119E+01
  1.6733905495E+00  4.7761870169E+01
  1.6798354812E+00  4.7709807946E+01
  1.6862804130E+00  4.7661053605E+01
  1.6927253448E+00  4.7615735737E+01
  1.6991702765E+00  4.7573976365E+01
  1.7056152083E+00  4.7535889947E+01
  1.7120601401E+00  4.7501582429E+01
  1.7185050718E+00  4.7471150427E+01
  1.7249500036E+00  4.7444680806E+01
  1.7313949354E+00  4.7422251795E+01
  1.7378398671E+00  4.7403944821E+01
  1.7442847989E+00  4.7390318228E+01
  1.7442847989E+00  4.7390318228E+01
  1.7571746431E+00  4.7415852443E+01
  1.7700644872E+00  4.7445349796E+01
  1.7829543314E+00  4.7478706143E+01
  1.7958441756E+00  4.7515932525E+01
  1.8087340197E+00  4.7557039369E+01
  1.8216238639E+00  4.7602034870E+01
  1.8345137081E+00  4.7650937744E+01
  1.8474035522E+00  4.7726645579E+01
  1.8602933964E+00  4.7832128524E+01
  1.8731832406E+00  4.7948084771E+01
  1.8860730847E+00  4.8073225495E+01
  1.8989629289E+00  4.8206266985E+01
  1.9118527730E+00  4.8345942366E+01
  1.9247426172E+00  4.8491019163E+01
  1.9376324614E+00  4.8640313383E+01
  1.9505223055E+00  4.8792699881E+01
  1.9634121497E+00  4.8947119424E+01
  1.9763019939E+00  4.9102582993E+01
  1.9891918380E+00  4.9258173851E+01
  2.0020816822E+00  4.9413047881E+01
  2.0149715264E+00  4.9566432627E+01
  2.0278613705E+00  4.9717625408E+01
  2.0407512147E+00  4.9865990783E+01
  2.0536410589E+00  5.0010957626E+01
  2.0665309030E+00  5.0152015962E+01
  2.0794207472E+00  5.0288713716E+01
  2.0923105913E+00  5.0420653452E+01
  2.1052004355E+00  5.0547489185E+01
  2.1180902797E+00  5.0668923296E+01
  2.1309801238E+00  5.0784703583E+01
  2.1438699680E+00  5.0894620445E+01
  2.1567598122E+00  5.0998504214E+01
  2.1696496563E+00  5.1096222637E+01
  2.1825395005E+00  5.1187678501E+01
  2.1954293447E+00  5.1272807416E+01
  2.2083191888E+00  5.1351575716E+01
  2.2212090330E+00  5.1423978486E+01
  2.2340988772E+00  5.1490037676E+01
  2.2469887213E+00  5.1549800307E+01
  2.2598785655E+00  5.1603336758E+01
  2.2727684097E+00  5.1650739125E+01
  2.2856582538E+00  5.1692119648E+01
  2.2985480980E+00  5.1727609191E+01
  2.3114379421E+00  5.1757355778E+01
  2.3243277863E+00  5.1781523166E+01
  2.3372176305E+00  5.1800289460E+01
  2.3501074746E+00  5.1813845764E+01
  2.3629973188E+00  5.1822394855E+01
  2.3758871630E+00  5.1826149897E+01
  2.3887770071E+00  5.1825333167E+01
  2.4016668513E+00  5.1820174811E+01
  2.4145566955E+00  5.1810911626E+01
  2.4274465396E+00  5.1797785858E+01
  2.4403363838E+00  5.1781044027E+01
  2.4532262280E+00  5.1760935778E+01
  2.4661160721E+00  5.1737712753E+01
  2.4790059163E+00  5.1711627494E+01
  2.4918957604E+00  5.1682932374E+01
  2.5047856046E+00  5.1651878563E+01
  2.5176754488E+00  5.1618715028E+01
  2.5305652929E+00  5.1583687572E+01
  2.5434551371E+00  5.1547037918E+01
  2.5563449813E+00  5.1509002844E+01
  2.5692348254E+00  5.1469813356E+01
  2.5821246696E+00  5.1429693931E+01
  2.5950145138E+00  5.1388861811E+01
  2.6079043579E+00  5.1347526365E+01
  2.6207942021E+00  5.1305888509E+01
  2.6336840463E+00  5.1264140209E+01
  2.6465738904E+00  5.1222464045E+01
  2.6594637346E+00  5.1181032858E+01
  2.6723535787E+00  5.1140009476E+01
  2.6852434229E+00  5.1099546511E+01
  2.6981332671E+00  5.1059786240E+01
  2.7110231112E+00  5.1020860571E+01
  2.7239129554E+00  5.0982891074E+01
  2.7368027996E+00  5.0945989104E+01
  2.7496926437E+00  5.0910255985E+01
  2.7625824879E+00  5.0875783270E+01
  2.7754723321E+00  5.0842653069E+01
  2.7883621762E+00  5.0810938430E+01
  2.8012520204E+00  5.0780703783E+01
  2.8141418646E+00  5.0752005427E+01
  2.8270317087E+00  5.0724892058E+01
  2.8399215529E+00  5.0699405331E+01
  2.8528113970E+00  5.0675580446E+01
  2.8657012412E+00  5.0653446751E+01
  2.8785910854E+00  5.0633028349E+01
  2.8914809295E+00  5.0614344709E+01
  2.9043707737E+00  5.0597411262E+01
  2.9172606179E+00  5.0582239978E+01
  2.9301504620E+00  5.0568839923E+01
  2.9430403062E+00  5.0557217771E+01
  2.9559301504E+00  5.0547378287E+01
  2.9688199945E+00  5.0539324750E+01
  2.9817098387E+00  5.0533059354E+01
  2.9945996829E+00  5.0528583618E+01
  3.0074895270E+00  5.0525900045E+01
  3.0203793712E+00  5.0525243194E+01

  0.0000000000E+00  6.2199180595E+01
  1.1174106604E-02  6.2196375332E+01
  2.2348213208E-02  6.2187961351E+01
  3.3522319811E-02  6.2173944087E+01
  4.4696426415E-02  6.2154332608E+01
  5.5870533019E-02  6.2129139621E+01
  6.7044639623E-02  6.2098381499E+01
  7.8218746227E-02  6.2062078298E+01
  8.9392852831E-02  6.2020253788E+01
  1.0056695943E-01  6.1972935485E+01
  1.1174106604E-01  6.1920154699E+01
  1.2291517264E-01  6.1861946575E+01
  1.3408927925E-01  6.1798350152E+01
  1.4526338585E-01  6.1729408427E+01
  1.5643749245E-01  6.1655168427E+01
  1.6761159906E-01  6.1575681292E+01
  1.7878570566E-01  6.1491002365E+01
  1.8995981226E-01  6.1401191299E+01
  2.0113391887E-01  6.1306312170E+01
  2.1230802547E-01  6.1206433611E+01
  2.2348213208E-01  6.1101628953E+01
  2.3465623868E-01  6.0991976390E+01
  2.4583034528E-01  6.0877559154E+01
  2.5700445189E-01  6.0758465716E+01
  2.6817855849E-01  6.0634790006E+01
  2.7935266510E-01  6.0506631655E+01
  2.9052677170E-01  6.0374096265E+01
  3.0170087830E-01  6.0237295705E+01
  3.1287498491E-01  6.0096348440E+01
  3.2404909151E-01  5.9951379890E+01
  3.3522319811E-01  5.9802522831E+01
  3.4639730472E-01  5.9649917830E+01
  3.5757141132E-01  5.9493713724E+01
  3.6874551793E-01  5.9334068154E+01
  3.7991962453E-01  5.9171148142E+01
  3.9109373113E-01  5.9005130726E+01
  4.0226783774E-01  5.8836203659E+01
  4.1344194434E-01  5.8664566168E+01
  4.2461605094E-01  5.8490429790E+01
  4.3579015755E-01  5.8314019271E+01
  4.4696426415E-01  5.8135573557E+01
  4.5813837076E-01  5.7955346854E+01
  4.6931247736E-01  5.7773609781E+01
  4.8048658396E-01  5.7590650602E+01
  4.9166069057E-01  5.7406776531E+01
  5.0283479717E-01  5.7222315117E+01
  5.1400890378E-01  5.7037615676E+01
  5.2518301038E-01  5.6853050748E+01
  5.3635711698E-01  5.6669017537E+01
  5.4753122359E-01  5.6485939272E+01
  5.5870533019E-01  5.6304266395E+01
  5.6987943679E-01  5.6124477436E+01
  5.8105354340E-01  5.5947079411E+01
  5.9222765000E-01  5.5772607471E+01
  6.0340175661E-01  5.5601623500E+01
  6.1457586321E-01  5.5434713219E+01
  6.2574996981E-01  5.5272481320E+01
  6.3692407642E-01  5.5115544035E+01
  6.4809818302E-01  5.4964518549E+01
  6.5927228963E-01  5.4820008781E+01
  6.7044639623E-01  5.4682587256E+01
  6.8162050283E-01  5.4552773326E+01
  6.9279460944E-01  5.4431008671E+01
  7.0396871604E-01  5.4317631927E+01
  7.1514282264E-01  5.4212855154E+01
  7.2631692925E-01  5.4116745424E+01
  7.3749103585E-01  5.4029214740E+01
  7.4866514246E-01  5.3950020573E+01
  7.5983924906E-01  5.3878777695E+01
  7.7101335566E-01  5.3814979987E+01
  7.8218746227E-01  5.3758029265E+01
  7.9336156887E-01  5.3707267260E+01
  8.0453567547E-01  5.3662006957E+01
  8.1570978208E-01  5.3621560343E+01
  8.2688388868E-01  5.3585260809E+01
  8.3805799529E-01  5.3552479678E+01
  8.4923210189E-01  5.3522637197E+01
  8.6040620849E-01  5.3495208904E+01
  8.7158031510E-01  5.3469728474E+01
  8.8275442170E-01  5.3445788133E+01
  8.9392852831E-01  5.3423037585E+01
  9.0510263491E-01  5.3401182185E+01
  9.1627674151E-01  5.3379980921E+01
  9.2745084812E-01  5.3359244566E+01
  9.3862495472E-01  5.3338834252E+01
  9.4979906132E-01  5.3318660574E+01
  9.6097316793E-01  5.3298683257E+01
  9.7214727453E-01  5.3278911290E+01
  9.8332138114E-01  5.3259403373E+01
  9.9449548774E-01  5.3240268331E+01
  1.0056695943E+00  5.3221665029E+01
  1.0168437009E+00  5.3203801106E+01
  1.0280178076E+00  5.3186929642E+01
  1.0391919142E+00  5.3171342699E+01
  1.0503660208E+00  5.3157360675E+01
  1.0615401274E+00  5.3145316669E+01
  1.0727142340E+00  5.3135535755E+01
  1.0838883406E+00  5.3128310280E+01
  1.0950624472E+00  5.3123873784E+01
  1.1062365538E+00  5.3122377488E+01
  1.1062365538E+00  5.3122377488E+01
  1.1126814855E+00  5.3121404671E+01
  1.1191264173E+00  5.3118486504E+01
  1.1255713491E+00  5.3113623843E+01
  1.1320162809E+00  5.3106818114E+01
  1.1384612126E+00  5.3098071320E+01
  1.1449061444E+00  5.3087386038E+01
  1.1513510762E+00  5.3074765429E+01
  1.1577960079E+00  5.3060213238E+01
  1.1642409397E+00  5.3043733803E+01
  1.1706858715E+00  5.3025332061E+01
  1.1771308032E+00  5.3005013557E+01
  1.1835757350E+00  5.2982784451E+01
  1.1900206668E+00  5.2958651528E+01
  1.1964655985E+00  5.2932622210E+01
  1.2029105303E+00  5.2904704568E+01
  1.2093554621E+00  5.2874907332E+01
  1.2158003939E+00  5.2843239910E+01
  1.2222453256E+00  5.2809712399E+01
  1.2286902574E+00  5.2774335602E+01
  1.2351351892E+00  5.2737121047E+01
  1.2415801209E+00  5.2698081004E+01
  1.2480250527E+00  5.2657228509E+01
  1.2544699845E+00  5.2614577377E+01
  1.2609149162E+00  5.2570142235E+01
  1.2673598480E+00  5.2523938536E+01
  1.2738047798E+00  5.2475982593E+01
  1.2802497115E+00  5.2426291601E+01
  1.2866946433E+00  5.2374883667E+01
  1.2931395751E+00  5.2321777840E+01
  1.2995845068E+00  5.2266994144E+01
  1.3060294386E+00  5.2210553611E+01
  1.3124743704E+00  5.2152478314E+01
  1.3189193022E+00  5.2092791412E+01
  1.3253642339E+00  5.2031517182E+01
  1.3318091657E+00  5.1968681068E+01
  1.3382540975E+00  5.1904309723E+01
  1.3446990292E+00  5.1838431072E+01
  1.3511439610E+00  5.1771074417E+01
  1.3575888928E+00  5.1702271036E+01
  1.3640338245E+00  5.1652088918E+01
  1.3704787563E+00  5.1645025536E+01
  1.3769236881E+00  5.1637938978E+01
  1.3833686198E+00  5.1630836482E+01
  1.3898135516E+00  5.1623727826E+01
  1.3962584834E+00  5.1616622992E+01
  1.4027034152E+00  5.1609532031E+01
  1.4091483469E+00  5.1602465028E+01
  1.4155932787E+00  5.1595432067E+01
  1.4220382105E+00  5.1588443218E+01
  1.4284831422E+00  5.1581508507E+01
  1.4349280740E+00  5.1574637893E+01
  1.4413730058E+00  5.1567841249E+01
  1.4478179375E+00  5.1561128332E+01
  1.4542628693E+00  5.1554508759E+01
  1.4607078011E+00  5.1547991984E+01
  1.4671527328E+00  5.1541587267E+01
  1.4735976646E+00  5.1535303648E+01
  1.4800425964E+00  5.1529149920E+01
  1.4864875281E+00  5.1523134599E+01
  1.4929324599E+00  5.1517265897E+01
  1.4993773917E+00  5.1511551687E+01
  1.5058223235E+00  5.1505999481E+01
  1.5122672552E+00  5.1500616393E+01
  1.5187121870E+00  5.1495409112E+01
  1.5251571188E+00  5.1490383871E+01
  1.5316020505E+00  5.1485546417E+01
  1.5380469823E+00  5.1480901979E+01
  1.5444919141E+00  5.1476455241E+01
  1.5509368458E+00  5.1472210310E+01
  1.5573817776E+00  5.1468170686E+01
  1.5638267094E+00  5.1464339239E+01
  1.5702716411E+00  5.1460718175E+01
  1.5767165729E+00  5.1457309016E+01
  1.5831615047E+00  5.1454112569E+01
  1.5896064365E+00  5.1451128906E+01
  1.5960513682E+00  5.1448357342E+01
  1.6024963000E+00  5.1445796409E+01
  1.6089412318E+00  5.1443443847E+01
  1.6153861635E+00  5.1441296578E+01
  1.6218310953E+00  5.1439350696E+01
  1.6282760271E+00  5.1437601458E+01
  1.6347209588E+00  5.1436043269E+01
  1.6411658906E+00  5.1434669679E+01
  1.6476108224E+00  5.1433473379E+01
  1.6540557541E+00  5.1432446201E+01
  1.6605006859E+00  5.1431579122E+01
  1.6669456177E+00  5.1430862267E+01
  1.6733905495E+00  5.1430284925E+01
  1.6798354812E+00  5.1429835558E+01
  1.6862804130E+00  5.1429501820E+01
  1.6927253448E+00  5.1429270579E+01
  1.6991702765E+00  5.1429127946E+01
  1.7056152083E+00  5.1429059298E+01
  1.7120601401E+00  5.1429049320E+01
  1.7185050718E+00  5.1429082039E+01
  1.7249500036E+00  5.1429140868E+01
  1.7313949354E+00  5.1429208654E+01
  1.7378398671E+00  5.1429267730E+01
  1.7442847989E+00  5.1429299972E+01
  1.7442847989E+00  5.1429299972E+01
  1.7571746431E+00  5.1429165320E+01
  1.7700644872E+00  5.1428674372E+01
  1.7829543314E+00  5.1427672259E+01
  1.7958441756E+00  5.1426004217E+01
  1.8087340197E+00  5.1423518556E+01
  1.8216238639E+00  5.1420069950E+01
  1.8345137081E+00  5.1415523052E+01
  1.8474035522E+00  5.1409756466E+01
  1.8602933964E+00  5.1402667123E+01
  1.8731832406E+00  5.1394175094E+01
  1.8860730847E+00  5.1384228943E+01
  1.8989629289E+00  5.1372811713E+01
  1.9118527730E+00  5.1359947697E+01
  1.9247426172E+00  5.1345710179E+01
  1.9376324614E+00  5.1330230405E+01
  1.9505223055E+00  5.1313708068E+01
  1.9634121497E+00  5.1296423707E+01
  1.9763019939E+00  5.1278753396E+01
  1.9891918380E+00  5.1261186142E+01
  2.0020816822E+00  5.1244344220E+01
  2.0149715264E+00  5.1229006288E+01
  2.0278613705E+00  5.1216132199E+01
  2.0407512147E+00  5.1206886741E+01
  2.0536410589E+00  5.1202656666E+01
  2.0665309030E+00  5.1205051286E+01
  2.0794207472E+00  5.1215872357E+01
  2.0923105913E+00  5.1237036743E+01
  2.1052004355E+00  5.1270440551E+01
  2.1180902797E+00  5.1317771255E+01
  2.1309801238E+00  5.1380303218E+01
  2.1438699680E+00  5.1458736478E+01
  2.1567598122E+00  5.1553135715E+01
  2.1696496563E+00  5.1662988509E+01
  2.1825395005E+00  5.1787352451E+01
  2.1954293447E+00  5.1925033335E+01
  2.2083191888E+00  5.2074743336E+01
  2.2212090330E+00  5.2235213565E+01
  2.2340988772E+00  5.2405259086E+01
  2.2469887213E+00  5.2583806982E+01
  2.2598785655E+00  5.2769900714E+01
  2.2727684097E+00  5.2962691672E+01
  2.2856582538E+00  5.3161425243E+01
  2.2985480980E+00  5.3365425668E+01
  2.3114379421E+00  5.3574081859E+01
  2.3243277863E+00  5.3786835077E+01
  2.3372176305E+00  5.4003168706E+01
  2.3501074746E+00  5.4222600006E+01
  2.3629973188E+00  5.4444673598E+01
  2.3758871630E+00  5.4668956402E+01
  2.3887770071E+00  5.4895033755E+01
  2.4016668513E+00  5.5122506477E+01
  2.4145566955E+00  5.5350988680E+01
  2.4274465396E+00  5.5580106162E+01
  2.4403363838E+00  5.5809495252E+01
  2.4532262280E+00  5.6038802000E+01
  2.4661160721E+00  5.6267681621E+01
  2.4790059163E+00  5.6495798145E+01
  2.4918957604E+00  5.6722824202E+01
  2.5047856046E+00  5.6948440908E+01
  2.5176754488E+00  5.7172337825E+01
  2.5305652929E+00  5.7394212965E+01
  2.5434551371E+00  5.7613772822E+01
  2.5563449813E+00  5.7830732415E+01
  2.5692348254E+00  5.8044815338E+01
  2.5821246696E+00  5.8255753804E+01
  2.5950145138E+00  5.8463288680E+01
  2.6079043579E+00  5.8667169511E+01
  2.6207942021E+00  5.8867154525E+01
  2.6336840463E+00  5.9063010636E+01
  2.6465738904E+00  5.9254513411E+01
  2.6594637346E+00  5.9441447046E+01
  2.6723535787E+00  5.9623604310E+01
  2.6852434229E+00  5.9800786483E+01
  2.6981332671E+00  5.9972803289E+01
  2.7110231112E+00  6.0139472811E+01
  2.7239129554E+00  6.0300621397E+01
  2.7368027996E+00  6.0456083571E+01
  2.7496926437E+00  6.0605701924E+01
  2.7625824879E+00  6.0749327013E+01
  2.7754723321E+00  6.0886817252E+01
  2.7883621762E+00  6.1018038800E+01
  2.8012520204E+00  6.1142865456E+01
  2.8141418646E+00  6.1261178544E+01
  2.8270317087E+00  6.1372866814E+01
  2.8399215529E+00  6.1477826330E+01
  2.8528113970E+00  6.1575960378E+01
  2.8657012412E+00  6.1667179358E+01
  2.8785910854E+00  6.1751400703E+01
  2.8914809295E+00  6.1828548783E+01
  2.9043707737E+00  6.1898554832E+01
  2.9172606179E+00  6.1961356863E+01
  2.9301504620E+00  6.2016899608E+01
  2.9430403062E+00  6.2065134449E+01
  2.9559301504E+00  6.2106019365E+01
  2.9688199945E+00  6.2139518884E+01
  2.9817098387E+00  6.2165604039E+01
  2.9945996829E+00  6.2184252337E+01
  3.0074895270E+00  6.2195447729E+01
  3.0203793712E+00  6.2199180595E+01

