  16
   1   1
     1.455127416000000    -0.000000000000000    -0.000000000000000
    -0.000000000000000     1.455127416000000    -0.000000000000000
    -0.000000000000000    -0.000000000000000     1.455127416000000
   1   2
    -0.484005852000000     0.000000000000000     0.000000000000000
     0.000000000000000     0.148057245000000    -0.000000000000000
     0.000000000000000    -0.000000000000000     0.148057245000000
   1   3
     0.148057245000000     0.000000000000000    -0.000000000000000
     0.000000000000000    -0.484005852000000     0.000000000000000
    -0.000000000000000     0.000000000000000     0.148057245000000
   1   4
    -0.090510216000000    -0.000000000000000     0.000000000000000
    -0.000000000000000    -0.090510216000000     0.000000000000000
     0.000000000000000     0.000000000000000     0.100249128000000
   1   5
     0.148057245000000    -0.000000000000000     0.000000000000000
    -0.000000000000000     0.148057245000000     0.000000000000000
     0.000000000000000     0.000000000000000    -0.484005852000000
   1   6
    -0.090510216000000     0.000000000000000    -0.000000000000000
     0.000000000000000     0.100249128000000    -0.000000000000000
    -0.000000000000000    -0.000000000000000    -0.090510216000000
   1   7
     0.100249128000000     0.000000000000000    -0.000000000000000
     0.000000000000000    -0.090510216000000    -0.000000000000000
    -0.000000000000000    -0.000000000000000    -0.090510216000000
   1   8
    -0.094482597000000    -0.000000000000000    -0.000000000000000
    -0.000000000000000    -0.094482597000000    -0.000000000000000
    -0.000000000000000    -0.000000000000000    -0.094482597000000
   1   9
    -0.139755503907429    -0.134658208454824    -0.134658208454824
    -0.134658208454824    -0.139755503907429    -0.134658208454824
    -0.134658208454824    -0.134658208454824    -0.139755503907429
   1  10
    -0.139755503907429     0.134658208454824     0.134658208454824
     0.134658208454824    -0.139755503907429    -0.134658208454824
     0.134658208454824    -0.134658208454824    -0.139755503907429
   1  11
    -0.139755503907429     0.134658208454824    -0.134658208454824
     0.134658208454824    -0.139755503907429     0.134658208454824
    -0.134658208454824     0.134658208454824    -0.139755503907429
   1  12
    -0.139755503907429    -0.134658208454824     0.134658208454824
    -0.134658208454824    -0.139755503907429     0.134658208454824
     0.134658208454824     0.134658208454824    -0.139755503907429
   1  13
    -0.139755503907429    -0.134658208454824     0.134658208454824
    -0.134658208454824    -0.139755503907429     0.134658208454824
     0.134658208454824     0.134658208454824    -0.139755503907429
   1  14
    -0.139755503907429     0.134658208454824    -0.134658208454824
     0.134658208454824    -0.139755503907429     0.134658208454824
    -0.134658208454824     0.134658208454824    -0.139755503907429
   1  15
    -0.139755503907429     0.134658208454824     0.134658208454824
     0.134658208454824    -0.139755503907429    -0.134658208454824
     0.134658208454824    -0.134658208454824    -0.139755503907429
   1  16
    -0.139755503907429    -0.134658208454824    -0.134658208454824
    -0.134658208454824    -0.139755503907429    -0.134658208454824
    -0.134658208454824    -0.134658208454824    -0.139755503907429
   2   1
    -0.484005852000000     0.000000000000000     0.000000000000000
     0.000000000000000     0.148057245000000    -0.000000000000000
     0.000000000000000    -0.000000000000000     0.148057245000000
   2   2
     1.455127416000000    -0.000000000000000    -0.000000000000000
    -0.000000000000000     1.455127416000000    -0.000000000000000
    -0.000000000000000    -0.000000000000000     1.455127416000000
   2   3
    -0.090510216000000    -0.000000000000000     0.000000000000000
    -0.000000000000000    -0.090510216000000     0.000000000000000
     0.000000000000000     0.000000000000000     0.100249128000000
   2   4
     0.148057245000000     0.000000000000000    -0.000000000000000
     0.000000000000000    -0.484005852000000     0.000000000000000
    -0.000000000000000     0.000000000000000     0.148057245000000
   2   5
    -0.090510216000000     0.000000000000000    -0.000000000000000
     0.000000000000000     0.100249128000000    -0.000000000000000
    -0.000000000000000    -0.000000000000000    -0.090510216000000
   2   6
     0.148057245000000    -0.000000000000000     0.000000000000000
    -0.000000000000000     0.148057245000000     0.000000000000000
     0.000000000000000     0.000000000000000    -0.484005852000000
   2   7
    -0.094482597000000    -0.000000000000000    -0.000000000000000
    -0.000000000000000    -0.094482597000000    -0.000000000000000
    -0.000000000000000    -0.000000000000000    -0.094482597000000
   2   8
     0.100249128000000     0.000000000000000    -0.000000000000000
     0.000000000000000    -0.090510216000000    -0.000000000000000
    -0.000000000000000    -0.000000000000000    -0.090510216000000
   2   9
    -0.139755503907429     0.134658208454824     0.134658208454824
     0.134658208454824    -0.139755503907429    -0.134658208454824
     0.134658208454824    -0.134658208454824    -0.139755503907429
   2  10
    -0.139755503907429    -0.134658208454824    -0.134658208454824
    -0.134658208454824    -0.139755503907429    -0.134658208454824
    -0.134658208454824    -0.134658208454824    -0.139755503907429
   2  11
    -0.139755503907429    -0.134658208454824     0.134658208454824
    -0.134658208454824    -0.139755503907429     0.134658208454824
     0.134658208454824     0.134658208454824    -0.139755503907429
   2  12
    -0.139755503907429     0.134658208454824    -0.134658208454824
     0.134658208454824    -0.139755503907429     0.134658208454824
    -0.134658208454824     0.134658208454824    -0.139755503907429
   2  13
    -0.139755503907429     0.134658208454824    -0.134658208454824
     0.134658208454824    -0.139755503907429     0.134658208454824
    -0.134658208454824     0.134658208454824    -0.139755503907429
   2  14
    -0.139755503907429    -0.134658208454824     0.134658208454824
    -0.134658208454824    -0.139755503907429     0.134658208454824
     0.134658208454824     0.134658208454824    -0.139755503907429
   2  15
    -0.139755503907429    -0.134658208454824    -0.134658208454824
    -0.134658208454824    -0.139755503907429    -0.134658208454824
    -0.134658208454824    -0.134658208454824    -0.139755503907429
   2  16
    -0.139755503907429     0.134658208454824     0.134658208454824
     0.134658208454824    -0.139755503907429    -0.134658208454824
     0.134658208454824    -0.134658208454824    -0.139755503907429
   3   1
     0.148057245000000     0.000000000000000    -0.000000000000000
     0.000000000000000    -0.484005852000000     0.000000000000000
    -0.000000000000000     0.000000000000000     0.148057245000000
   3   2
    -0.090510216000000    -0.000000000000000     0.000000000000000
    -0.000000000000000    -0.090510216000000     0.000000000000000
     0.000000000000000     0.000000000000000     0.100249128000000
   3   3
     1.455127416000000    -0.000000000000000    -0.000000000000000
    -0.000000000000000     1.455127416000000    -0.000000000000000
    -0.000000000000000    -0.000000000000000     1.455127416000000
   3   4
    -0.484005852000000     0.000000000000000     0.000000000000000
     0.000000000000000     0.148057245000000    -0.000000000000000
     0.000000000000000    -0.000000000000000     0.148057245000000
   3   5
     0.100249128000000     0.000000000000000    -0.000000000000000
     0.000000000000000    -0.090510216000000    -0.000000000000000
    -0.000000000000000    -0.000000000000000    -0.090510216000000
   3   6
    -0.094482597000000    -0.000000000000000    -0.000000000000000
    -0.000000000000000    -0.094482597000000    -0.000000000000000
    -0.000000000000000    -0.000000000000000    -0.094482597000000
   3   7
     0.148057245000000    -0.000000000000000     0.000000000000000
    -0.000000000000000     0.148057245000000     0.000000000000000
     0.000000000000000     0.000000000000000    -0.484005852000000
   3   8
    -0.090510216000000     0.000000000000000    -0.000000000000000
     0.000000000000000     0.100249128000000    -0.000000000000000
    -0.000000000000000    -0.000000000000000    -0.090510216000000
   3   9
    -0.139755503907429     0.134658208454824    -0.134658208454824
     0.134658208454824    -0.139755503907429     0.134658208454824
    -0.134658208454824     0.134658208454824    -0.139755503907429
   3  10
    -0.139755503907429    -0.134658208454824     0.134658208454824
    -0.134658208454824    -0.139755503907429     0.134658208454824
     0.134658208454824     0.134658208454824    -0.139755503907429
   3  11
    -0.139755503907429    -0.134658208454824    -0.134658208454824
    -0.134658208454824    -0.139755503907429    -0.134658208454824
    -0.134658208454824    -0.134658208454824    -0.139755503907429
   3  12
    -0.139755503907429     0.134658208454824     0.134658208454824
     0.134658208454824    -0.139755503907429    -0.134658208454824
     0.134658208454824    -0.134658208454824    -0.139755503907429
   3  13
    -0.139755503907429     0.134658208454824     0.134658208454824
     0.134658208454824    -0.139755503907429    -0.134658208454824
     0.134658208454824    -0.134658208454824    -0.139755503907429
   3  14
    -0.139755503907429    -0.134658208454824    -0.134658208454824
    -0.134658208454824    -0.139755503907429    -0.134658208454824
    -0.134658208454824    -0.134658208454824    -0.139755503907429
   3  15
    -0.139755503907429    -0.134658208454824     0.134658208454824
    -0.134658208454824    -0.139755503907429     0.134658208454824
     0.134658208454824     0.134658208454824    -0.139755503907429
   3  16
    -0.139755503907429     0.134658208454824    -0.134658208454824
     0.134658208454824    -0.139755503907429     0.134658208454824
    -0.134658208454824     0.134658208454824    -0.139755503907429
   4   1
    -0.090510216000000    -0.000000000000000     0.000000000000000
    -0.000000000000000    -0.090510216000000     0.000000000000000
     0.000000000000000     0.000000000000000     0.100249128000000
   4   2
     0.148057245000000     0.000000000000000    -0.000000000000000
     0.000000000000000    -0.484005852000000     0.000000000000000
    -0.000000000000000     0.000000000000000     0.148057245000000
   4   3
    -0.484005852000000     0.000000000000000     0.000000000000000
     0.000000000000000     0.148057245000000    -0.000000000000000
     0.000000000000000    -0.000000000000000     0.148057245000000
   4   4
     1.455127416000000    -0.000000000000000    -0.000000000000000
    -0.000000000000000     1.455127416000000    -0.000000000000000
    -0.000000000000000    -0.000000000000000     1.455127416000000
   4   5
    -0.094482597000000    -0.000000000000000    -0.000000000000000
    -0.000000000000000    -0.094482597000000    -0.000000000000000
    -0.000000000000000    -0.000000000000000    -0.094482597000000
   4   6
     0.100249128000000     0.000000000000000    -0.000000000000000
     0.000000000000000    -0.090510216000000    -0.000000000000000
    -0.000000000000000    -0.000000000000000    -0.090510216000000
   4   7
    -0.090510216000000     0.000000000000000    -0.000000000000000
     0.000000000000000     0.100249128000000    -0.000000000000000
    -0.000000000000000    -0.000000000000000    -0.090510216000000
   4   8
     0.148057245000000    -0.000000000000000     0.000000000000000
    -0.000000000000000     0.148057245000000     0.000000000000000
     0.000000000000000     0.000000000000000    -0.484005852000000
   4   9
    -0.139755503907429    -0.134658208454824     0.134658208454824
    -0.134658208454824    -0.139755503907429     0.134658208454824
     0.134658208454824     0.134658208454824    -0.139755503907429
   4  10
    -0.139755503907429     0.134658208454824    -0.134658208454824
     0.134658208454824    -0.139755503907429     0.134658208454824
    -0.134658208454824     0.134658208454824    -0.139755503907429
   4  11
    -0.139755503907429     0.134658208454824     0.134658208454824
     0.134658208454824    -0.139755503907429    -0.134658208454824
     0.134658208454824    -0.134658208454824    -0.139755503907429
   4  12
    -0.139755503907429    -0.134658208454824    -0.134658208454824
    -0.134658208454824    -0.139755503907429    -0.134658208454824
    -0.134658208454824    -0.134658208454824    -0.139755503907429
   4  13
    -0.139755503907429    -0.134658208454824    -0.134658208454824
    -0.134658208454824    -0.139755503907429    -0.134658208454824
    -0.134658208454824    -0.134658208454824    -0.139755503907429
   4  14
    -0.139755503907429     0.134658208454824     0.134658208454824
     0.134658208454824    -0.139755503907429    -0.134658208454824
     0.134658208454824    -0.134658208454824    -0.139755503907429
   4  15
    -0.139755503907429     0.134658208454824    -0.134658208454824
     0.134658208454824    -0.139755503907429     0.134658208454824
    -0.134658208454824     0.134658208454824    -0.139755503907429
   4  16
    -0.139755503907429    -0.134658208454824     0.134658208454824
    -0.134658208454824    -0.139755503907429     0.134658208454824
     0.134658208454824     0.134658208454824    -0.139755503907429
   5   1
     0.148057245000000    -0.000000000000000     0.000000000000000
    -0.000000000000000     0.148057245000000     0.000000000000000
     0.000000000000000     0.000000000000000    -0.484005852000000
   5   2
    -0.090510216000000     0.000000000000000    -0.000000000000000
     0.000000000000000     0.100249128000000    -0.000000000000000
    -0.000000000000000    -0.000000000000000    -0.090510216000000
   5   3
     0.100249128000000     0.000000000000000    -0.000000000000000
     0.000000000000000    -0.090510216000000    -0.000000000000000
    -0.000000000000000    -0.000000000000000    -0.090510216000000
   5   4
    -0.094482597000000    -0.000000000000000    -0.000000000000000
    -0.000000000000000    -0.094482597000000    -0.000000000000000
    -0.000000000000000    -0.000000000000000    -0.094482597000000
   5   5
     1.455127416000000    -0.000000000000000    -0.000000000000000
    -0.000000000000000     1.455127416000000    -0.000000000000000
    -0.000000000000000    -0.000000000000000     1.455127416000000
   5   6
    -0.484005852000000     0.000000000000000     0.000000000000000
     0.000000000000000     0.148057245000000    -0.000000000000000
     0.000000000000000    -0.000000000000000     0.148057245000000
   5   7
     0.148057245000000     0.000000000000000    -0.000000000000000
     0.000000000000000    -0.484005852000000     0.000000000000000
    -0.000000000000000     0.000000000000000     0.148057245000000
   5   8
    -0.090510216000000    -0.000000000000000     0.000000000000000
    -0.000000000000000    -0.090510216000000     0.000000000000000
     0.000000000000000     0.000000000000000     0.100249128000000
   5   9
    -0.139755503907429    -0.134658208454824     0.134658208454824
    -0.134658208454824    -0.139755503907429     0.134658208454824
     0.134658208454824     0.134658208454824    -0.139755503907429
   5  10
    -0.139755503907429     0.134658208454824    -0.134658208454824
     0.134658208454824    -0.139755503907429     0.134658208454824
    -0.134658208454824     0.134658208454824    -0.139755503907429
   5  11
    -0.139755503907429     0.134658208454824     0.134658208454824
     0.134658208454824    -0.139755503907429    -0.134658208454824
     0.134658208454824    -0.134658208454824    -0.139755503907429
   5  12
    -0.139755503907429    -0.134658208454824    -0.134658208454824
    -0.134658208454824    -0.139755503907429    -0.134658208454824
    -0.134658208454824    -0.134658208454824    -0.139755503907429
   5  13
    -0.139755503907429    -0.134658208454824    -0.134658208454824
    -0.134658208454824    -0.139755503907429    -0.134658208454824
    -0.134658208454824    -0.134658208454824    -0.139755503907429
   5  14
    -0.139755503907429     0.134658208454824     0.134658208454824
     0.134658208454824    -0.139755503907429    -0.134658208454824
     0.134658208454824    -0.134658208454824    -0.139755503907429
   5  15
    -0.139755503907429     0.134658208454824    -0.134658208454824
     0.134658208454824    -0.139755503907429     0.134658208454824
    -0.134658208454824     0.134658208454824    -0.139755503907429
   5  16
    -0.139755503907429    -0.134658208454824     0.134658208454824
    -0.134658208454824    -0.139755503907429     0.134658208454824
     0.134658208454824     0.134658208454824    -0.139755503907429
   6   1
    -0.090510216000000     0.000000000000000    -0.000000000000000
     0.000000000000000     0.100249128000000    -0.000000000000000
    -0.000000000000000    -0.000000000000000    -0.090510216000000
   6   2
     0.148057245000000    -0.000000000000000     0.000000000000000
    -0.000000000000000     0.148057245000000     0.000000000000000
     0.000000000000000     0.000000000000000    -0.484005852000000
   6   3
    -0.094482597000000    -0.000000000000000    -0.000000000000000
    -0.000000000000000    -0.094482597000000    -0.000000000000000
    -0.000000000000000    -0.000000000000000    -0.094482597000000
   6   4
     0.100249128000000     0.000000000000000    -0.000000000000000
     0.000000000000000    -0.090510216000000    -0.000000000000000
    -0.000000000000000    -0.000000000000000    -0.090510216000000
   6   5
    -0.484005852000000     0.000000000000000     0.000000000000000
     0.000000000000000     0.148057245000000    -0.000000000000000
     0.000000000000000    -0.000000000000000     0.148057245000000
   6   6
     1.455127416000000    -0.000000000000000    -0.000000000000000
    -0.000000000000000     1.455127416000000    -0.000000000000000
    -0.000000000000000    -0.000000000000000     1.455127416000000
   6   7
    -0.090510216000000    -0.000000000000000     0.000000000000000
    -0.000000000000000    -0.090510216000000     0.000000000000000
     0.000000000000000     0.000000000000000     0.100249128000000
   6   8
     0.148057245000000     0.000000000000000    -0.000000000000000
     0.000000000000000    -0.484005852000000     0.000000000000000
    -0.000000000000000     0.000000000000000     0.148057245000000
   6   9
    -0.139755503907429     0.134658208454824    -0.134658208454824
     0.134658208454824    -0.139755503907429     0.134658208454824
    -0.134658208454824     0.134658208454824    -0.139755503907429
   6  10
    -0.139755503907429    -0.134658208454824     0.134658208454824
    -0.134658208454824    -0.139755503907429     0.134658208454824
     0.134658208454824     0.134658208454824    -0.139755503907429
   6  11
    -0.139755503907429    -0.134658208454824    -0.134658208454824
    -0.134658208454824    -0.139755503907429    -0.134658208454824
    -0.134658208454824    -0.134658208454824    -0.139755503907429
   6  12
    -0.139755503907429     0.134658208454824     0.134658208454824
     0.134658208454824    -0.139755503907429    -0.134658208454824
     0.134658208454824    -0.134658208454824    -0.139755503907429
   6  13
    -0.139755503907429     0.134658208454824     0.134658208454824
     0.134658208454824    -0.139755503907429    -0.134658208454824
     0.134658208454824    -0.134658208454824    -0.139755503907429
   6  14
    -0.139755503907429    -0.134658208454824    -0.134658208454824
    -0.134658208454824    -0.139755503907429    -0.134658208454824
    -0.134658208454824    -0.134658208454824    -0.139755503907429
   6  15
    -0.139755503907429    -0.134658208454824     0.134658208454824
    -0.134658208454824    -0.139755503907429     0.134658208454824
     0.134658208454824     0.134658208454824    -0.139755503907429
   6  16
    -0.139755503907429     0.134658208454824    -0.134658208454824
     0.134658208454824    -0.139755503907429     0.134658208454824
    -0.134658208454824     0.134658208454824    -0.139755503907429
   7   1
     0.100249128000000     0.000000000000000    -0.000000000000000
     0.000000000000000    -0.090510216000000    -0.000000000000000
    -0.000000000000000    -0.000000000000000    -0.090510216000000
   7   2
    -0.094482597000000    -0.000000000000000    -0.000000000000000
    -0.000000000000000    -0.094482597000000    -0.000000000000000
    -0.000000000000000    -0.000000000000000    -0.094482597000000
   7   3
     0.148057245000000    -0.000000000000000     0.000000000000000
    -0.000000000000000     0.148057245000000     0.000000000000000
     0.000000000000000     0.000000000000000    -0.484005852000000
   7   4
    -0.090510216000000     0.000000000000000    -0.000000000000000
     0.000000000000000     0.100249128000000    -0.000000000000000
    -0.000000000000000    -0.000000000000000    -0.090510216000000
   7   5
     0.148057245000000     0.000000000000000    -0.000000000000000
     0.000000000000000    -0.484005852000000     0.000000000000000
    -0.000000000000000     0.000000000000000     0.148057245000000
   7   6
    -0.090510216000000    -0.000000000000000     0.000000000000000
    -0.000000000000000    -0.090510216000000     0.000000000000000
     0.000000000000000     0.000000000000000     0.100249128000000
   7   7
     1.455127416000000    -0.000000000000000    -0.000000000000000
    -0.000000000000000     1.455127416000000    -0.000000000000000
    -0.000000000000000    -0.000000000000000     1.455127416000000
   7   8
    -0.484005852000000     0.000000000000000     0.000000000000000
     0.000000000000000     0.148057245000000    -0.000000000000000
     0.000000000000000    -0.000000000000000     0.148057245000000
   7   9
    -0.139755503907429     0.134658208454824     0.134658208454824
     0.134658208454824    -0.139755503907429    -0.134658208454824
     0.134658208454824    -0.134658208454824    -0.139755503907429
   7  10
    -0.139755503907429    -0.134658208454824    -0.134658208454824
    -0.134658208454824    -0.139755503907429    -0.134658208454824
    -0.134658208454824    -0.134658208454824    -0.139755503907429
   7  11
    -0.139755503907429    -0.134658208454824     0.134658208454824
    -0.134658208454824    -0.139755503907429     0.134658208454824
     0.134658208454824     0.134658208454824    -0.139755503907429
   7  12
    -0.139755503907429     0.134658208454824    -0.134658208454824
     0.134658208454824    -0.139755503907429     0.134658208454824
    -0.134658208454824     0.134658208454824    -0.139755503907429
   7  13
    -0.139755503907429     0.134658208454824    -0.134658208454824
     0.134658208454824    -0.139755503907429     0.134658208454824
    -0.134658208454824     0.134658208454824    -0.139755503907429
   7  14
    -0.139755503907429    -0.134658208454824     0.134658208454824
    -0.134658208454824    -0.139755503907429     0.134658208454824
     0.134658208454824     0.134658208454824    -0.139755503907429
   7  15
    -0.139755503907429    -0.134658208454824    -0.134658208454824
    -0.134658208454824    -0.139755503907429    -0.134658208454824
    -0.134658208454824    -0.134658208454824    -0.139755503907429
   7  16
    -0.139755503907429     0.134658208454824     0.134658208454824
     0.134658208454824    -0.139755503907429    -0.134658208454824
     0.134658208454824    -0.134658208454824    -0.139755503907429
   8   1
    -0.094482597000000    -0.000000000000000    -0.000000000000000
    -0.000000000000000    -0.094482597000000    -0.000000000000000
    -0.000000000000000    -0.000000000000000    -0.094482597000000
   8   2
     0.100249128000000     0.000000000000000    -0.000000000000000
     0.000000000000000    -0.090510216000000    -0.000000000000000
    -0.000000000000000    -0.000000000000000    -0.090510216000000
   8   3
    -0.090510216000000     0.000000000000000    -0.000000000000000
     0.000000000000000     0.100249128000000    -0.000000000000000
    -0.000000000000000    -0.000000000000000    -0.090510216000000
   8   4
     0.148057245000000    -0.000000000000000     0.000000000000000
    -0.000000000000000     0.148057245000000     0.000000000000000
     0.000000000000000     0.000000000000000    -0.484005852000000
   8   5
    -0.090510216000000    -0.000000000000000     0.000000000000000
    -0.000000000000000    -0.090510216000000     0.000000000000000
     0.000000000000000     0.000000000000000     0.100249128000000
   8   6
     0.148057245000000     0.000000000000000    -0.000000000000000
     0.000000000000000    -0.484005852000000     0.000000000000000
    -0.000000000000000     0.000000000000000     0.148057245000000
   8   7
    -0.484005852000000     0.000000000000000     0.000000000000000
     0.000000000000000     0.148057245000000    -0.000000000000000
     0.000000000000000    -0.000000000000000     0.148057245000000
   8   8
     1.455127416000000    -0.000000000000000    -0.000000000000000
    -0.000000000000000     1.455127416000000    -0.000000000000000
    -0.000000000000000    -0.000000000000000     1.455127416000000
   8   9
    -0.139755503907429    -0.134658208454824    -0.134658208454824
    -0.134658208454824    -0.139755503907429    -0.134658208454824
    -0.134658208454824    -0.134658208454824    -0.139755503907429
   8  10
    -0.139755503907429     0.134658208454824     0.134658208454824
     0.134658208454824    -0.139755503907429    -0.134658208454824
     0.134658208454824    -0.134658208454824    -0.139755503907429
   8  11
    -0.139755503907429     0.134658208454824    -0.134658208454824
     0.134658208454824    -0.139755503907429     0.134658208454824
    -0.134658208454824     0.134658208454824    -0.139755503907429
   8  12
    -0.139755503907429    -0.134658208454824     0.134658208454824
    -0.134658208454824    -0.139755503907429     0.134658208454824
     0.134658208454824     0.134658208454824    -0.139755503907429
   8  13
    -0.139755503907429    -0.134658208454824     0.134658208454824
    -0.134658208454824    -0.139755503907429     0.134658208454824
     0.134658208454824     0.134658208454824    -0.139755503907429
   8  14
    -0.139755503907429     0.134658208454824    -0.134658208454824
     0.134658208454824    -0.139755503907429     0.134658208454824
    -0.134658208454824     0.134658208454824    -0.139755503907429
   8  15
    -0.139755503907429     0.134658208454824     0.134658208454824
     0.134658208454824    -0.139755503907429    -0.134658208454824
     0.134658208454824    -0.134658208454824    -0.139755503907429
   8  16
    -0.139755503907429    -0.134658208454824    -0.134658208454824
    -0.134658208454824    -0.139755503907429    -0.134658208454824
    -0.134658208454824    -0.134658208454824    -0.139755503907429
   9   1
    -0.139755503907429    -0.134658208454824    -0.134658208454824
    -0.134658208454824    -0.139755503907429    -0.134658208454824
    -0.134658208454824    -0.134658208454824    -0.139755503907429
   9   2
    -0.139755503907429     0.134658208454824     0.134658208454824
     0.134658208454824    -0.139755503907429    -0.134658208454824
     0.134658208454824    -0.134658208454824    -0.139755503907429
   9   3
    -0.139755503907429     0.134658208454824    -0.134658208454824
     0.134658208454824    -0.139755503907429     0.134658208454824
    -0.134658208454824     0.134658208454824    -0.139755503907429
   9   4
    -0.139755503907429    -0.134658208454824     0.134658208454824
    -0.134658208454824    -0.139755503907429     0.134658208454824
     0.134658208454824     0.134658208454824    -0.139755503907429
   9   5
    -0.139755503907429    -0.134658208454824     0.134658208454824
    -0.134658208454824    -0.139755503907429     0.134658208454824
     0.134658208454824     0.134658208454824    -0.139755503907429
   9   6
    -0.139755503907429     0.134658208454824    -0.134658208454824
     0.134658208454824    -0.139755503907429     0.134658208454824
    -0.134658208454824     0.134658208454824    -0.139755503907429
   9   7
    -0.139755503907429     0.134658208454824     0.134658208454824
     0.134658208454824    -0.139755503907429    -0.134658208454824
     0.134658208454824    -0.134658208454824    -0.139755503907429
   9   8
    -0.139755503907429    -0.134658208454824    -0.134658208454824
    -0.134658208454824    -0.139755503907429    -0.134658208454824
    -0.134658208454824    -0.134658208454824    -0.139755503907429
   9   9
     1.629699898960000     0.000000000000000    -0.000000000000000
     0.000000000000000     1.629699898960000    -0.000000000000000
    -0.000000000000000    -0.000000000000000     1.629699898960000
   9  10
    -0.429039581280000     0.000000000000000     0.000000000000000
     0.000000000000000     0.063998956240000     0.000000000000000
     0.000000000000000     0.000000000000000     0.063998956240000
   9  11
     0.063998956240000     0.000000000000000     0.000000000000000
     0.000000000000000    -0.429039581280000     0.000000000000000
     0.000000000000000     0.000000000000000     0.063998956240000
   9  12
    -0.052240031600000    -0.000000000000000     0.000000000000000
    -0.000000000000000    -0.052240031600000     0.000000000000000
     0.000000000000000     0.000000000000000     0.039908769920000
   9  13
     0.063998956240000    -0.000000000000000    -0.000000000000000
    -0.000000000000000     0.063998956240000    -0.000000000000000
    -0.000000000000000    -0.000000000000000    -0.429039581280000
   9  14
    -0.052240031600000     0.000000000000000     0.000000000000000
     0.000000000000000     0.039908769920000     0.000000000000000
     0.000000000000000     0.000000000000000    -0.052240031600000
   9  15
     0.039908769920000     0.000000000000000     0.000000000000000
     0.000000000000000    -0.052240031600000    -0.000000000000000
     0.000000000000000    -0.000000000000000    -0.052240031600000
   9  16
    -0.119983924880000    -0.000000000000000    -0.000000000000000
    -0.000000000000000    -0.119983924880000    -0.000000000000000
    -0.000000000000000    -0.000000000000000    -0.119983924880000
  10   1
    -0.139755503907429     0.134658208454824     0.134658208454824
     0.134658208454824    -0.139755503907429    -0.134658208454824
     0.134658208454824    -0.134658208454824    -0.139755503907429
  10   2
    -0.139755503907429    -0.134658208454824    -0.134658208454824
    -0.134658208454824    -0.139755503907429    -0.134658208454824
    -0.134658208454824    -0.134658208454824    -0.139755503907429
  10   3
    -0.139755503907429    -0.134658208454824     0.134658208454824
    -0.134658208454824    -0.139755503907429     0.134658208454824
     0.134658208454824     0.134658208454824    -0.139755503907429
  10   4
    -0.139755503907429     0.134658208454824    -0.134658208454824
     0.134658208454824    -0.139755503907429     0.134658208454824
    -0.134658208454824     0.134658208454824    -0.139755503907429
  10   5
    -0.139755503907429     0.134658208454824    -0.134658208454824
     0.134658208454824    -0.139755503907429     0.134658208454824
    -0.134658208454824     0.134658208454824    -0.139755503907429
  10   6
    -0.139755503907429    -0.134658208454824     0.134658208454824
    -0.134658208454824    -0.139755503907429     0.134658208454824
     0.134658208454824     0.134658208454824    -0.139755503907429
  10   7
    -0.139755503907429    -0.134658208454824    -0.134658208454824
    -0.134658208454824    -0.139755503907429    -0.134658208454824
    -0.134658208454824    -0.134658208454824    -0.139755503907429
  10   8
    -0.139755503907429     0.134658208454824     0.134658208454824
     0.134658208454824    -0.139755503907429    -0.134658208454824
     0.134658208454824    -0.134658208454824    -0.139755503907429
  10   9
    -0.429039581280000     0.000000000000000     0.000000000000000
     0.000000000000000     0.063998956240000     0.000000000000000
     0.000000000000000     0.000000000000000     0.063998956240000
  10  10
     1.629699898960000     0.000000000000000    -0.000000000000000
     0.000000000000000     1.629699898960000    -0.000000000000000
    -0.000000000000000    -0.000000000000000     1.629699898960000
  10  11
    -0.052240031600000    -0.000000000000000     0.000000000000000
    -0.000000000000000    -0.052240031600000     0.000000000000000
     0.000000000000000     0.000000000000000     0.039908769920000
  10  12
     0.063998956240000     0.000000000000000     0.000000000000000
     0.000000000000000    -0.429039581280000     0.000000000000000
     0.000000000000000     0.000000000000000     0.063998956240000
  10  13
    -0.052240031600000     0.000000000000000     0.000000000000000
     0.000000000000000     0.039908769920000     0.000000000000000
     0.000000000000000     0.000000000000000    -0.052240031600000
  10  14
     0.063998956240000    -0.000000000000000    -0.000000000000000
    -0.000000000000000     0.063998956240000    -0.000000000000000
    -0.000000000000000    -0.000000000000000    -0.429039581280000
  10  15
    -0.119983924880000    -0.000000000000000    -0.000000000000000
    -0.000000000000000    -0.119983924880000    -0.000000000000000
    -0.000000000000000    -0.000000000000000    -0.119983924880000
  10  16
     0.039908769920000     0.000000000000000     0.000000000000000
     0.000000000000000    -0.052240031600000    -0.000000000000000
     0.000000000000000    -0.000000000000000    -0.052240031600000
  11   1
    -0.139755503907429     0.134658208454824    -0.134658208454824
     0.134658208454824    -0.139755503907429     0.134658208454824
    -0.134658208454824     0.134658208454824    -0.139755503907429
  11   2
    -0.139755503907429    -0.134658208454824     0.134658208454824
    -0.134658208454824    -0.139755503907429     0.134658208454824
     0.134658208454824     0.134658208454824    -0.139755503907429
  11   3
    -0.139755503907429    -0.134658208454824    -0.134658208454824
    -0.134658208454824    -0.139755503907429    -0.134658208454824
    -0.134658208454824    -0.134658208454824    -0.139755503907429
  11   4
    -0.139755503907429     0.134658208454824     0.134658208454824
     0.134658208454824    -0.139755503907429    -0.134658208454824
     0.134658208454824    -0.134658208454824    -0.139755503907429
  11   5
    -0.139755503907429     0.134658208454824     0.134658208454824
     0.134658208454824    -0.139755503907429    -0.134658208454824
     0.134658208454824    -0.134658208454824    -0.139755503907429
  11   6
    -0.139755503907429    -0.134658208454824    -0.134658208454824
    -0.134658208454824    -0.139755503907429    -0.134658208454824
    -0.134658208454824    -0.134658208454824    -0.139755503907429
  11   7
    -0.139755503907429    -0.134658208454824     0.134658208454824
    -0.134658208454824    -0.139755503907429     0.134658208454824
     0.134658208454824     0.134658208454824    -0.139755503907429
  11   8
    -0.139755503907429     0.134658208454824    -0.134658208454824
     0.134658208454824    -0.139755503907429     0.134658208454824
    -0.134658208454824     0.134658208454824    -0.139755503907429
  11   9
     0.063998956240000     0.000000000000000     0.000000000000000
     0.000000000000000    -0.429039581280000     0.000000000000000
     0.000000000000000     0.000000000000000     0.063998956240000
  11  10
    -0.052240031600000    -0.000000000000000     0.000000000000000
    -0.000000000000000    -0.052240031600000     0.000000000000000
     0.000000000000000     0.000000000000000     0.039908769920000
  11  11
     1.629699898960000     0.000000000000000    -0.000000000000000
     0.000000000000000     1.629699898960000    -0.000000000000000
    -0.000000000000000    -0.000000000000000     1.629699898960000
  11  12
    -0.429039581280000     0.000000000000000     0.000000000000000
     0.000000000000000     0.063998956240000     0.000000000000000
     0.000000000000000     0.000000000000000     0.063998956240000
  11  13
     0.039908769920000     0.000000000000000     0.000000000000000
     0.000000000000000    -0.052240031600000    -0.000000000000000
     0.000000000000000    -0.000000000000000    -0.052240031600000
  11  14
    -0.119983924880000    -0.000000000000000    -0.000000000000000
    -0.000000000000000    -0.119983924880000    -0.000000000000000
    -0.000000000000000    -0.000000000000000    -0.119983924880000
  11  15
     0.063998956240000    -0.000000000000000    -0.000000000000000
    -0.000000000000000     0.063998956240000    -0.000000000000000
    -0.000000000000000    -0.000000000000000    -0.429039581280000
  11  16
    -0.052240031600000     0.000000000000000     0.000000000000000
     0.000000000000000     0.039908769920000     0.000000000000000
     0.000000000000000     0.000000000000000    -0.052240031600000
  12   1
    -0.139755503907429    -0.134658208454824     0.134658208454824
    -0.134658208454824    -0.139755503907429     0.134658208454824
     0.134658208454824     0.134658208454824    -0.139755503907429
  12   2
    -0.139755503907429     0.134658208454824    -0.134658208454824
     0.134658208454824    -0.139755503907429     0.134658208454824
    -0.134658208454824     0.134658208454824    -0.139755503907429
  12   3
    -0.139755503907429     0.134658208454824     0.134658208454824
     0.134658208454824    -0.139755503907429    -0.134658208454824
     0.134658208454824    -0.134658208454824    -0.139755503907429
  12   4
    -0.139755503907429    -0.134658208454824    -0.134658208454824
    -0.134658208454824    -0.139755503907429    -0.134658208454824
    -0.134658208454824    -0.134658208454824    -0.139755503907429
  12   5
    -0.139755503907429    -0.134658208454824    -0.134658208454824
    -0.134658208454824    -0.139755503907429    -0.134658208454824
    -0.134658208454824    -0.134658208454824    -0.139755503907429
  12   6
    -0.139755503907429     0.134658208454824     0.134658208454824
     0.134658208454824    -0.139755503907429    -0.134658208454824
     0.134658208454824    -0.134658208454824    -0.139755503907429
  12   7
    -0.139755503907429     0.134658208454824    -0.134658208454824
     0.134658208454824    -0.139755503907429     0.134658208454824
    -0.134658208454824     0.134658208454824    -0.139755503907429
  12   8
    -0.139755503907429    -0.134658208454824     0.134658208454824
    -0.134658208454824    -0.139755503907429     0.134658208454824
     0.134658208454824     0.134658208454824    -0.139755503907429
  12   9
    -0.052240031600000    -0.000000000000000     0.000000000000000
    -0.000000000000000    -0.052240031600000     0.000000000000000
     0.000000000000000     0.000000000000000     0.039908769920000
  12  10
     0.063998956240000     0.000000000000000     0.000000000000000
     0.000000000000000    -0.429039581280000     0.000000000000000
     0.000000000000000     0.000000000000000     0.063998956240000
  12  11
    -0.429039581280000     0.000000000000000     0.000000000000000
     0.000000000000000     0.063998956240000     0.000000000000000
     0.000000000000000     0.000000000000000     0.063998956240000
  12  12
     1.629699898960000     0.000000000000000    -0.000000000000000
     0.000000000000000     1.629699898960000    -0.000000000000000
    -0.000000000000000    -0.000000000000000     1.629699898960000
  12  13
    -0.119983924880000    -0.000000000000000    -0.000000000000000
    -0.000000000000000    -0.119983924880000    -0.000000000000000
    -0.000000000000000    -0.000000000000000    -0.119983924880000
  12  14
     0.039908769920000     0.000000000000000     0.000000000000000
     0.000000000000000    -0.052240031600000    -0.000000000000000
     0.000000000000000    -0.000000000000000    -0.052240031600000
  12  15
    -0.052240031600000     0.000000000000000     0.000000000000000
     0.000000000000000     0.039908769920000     0.000000000000000
     0.000000000000000     0.000000000000000    -0.052240031600000
  12  16
     0.063998956240000    -0.000000000000000    -0.000000000000000
    -0.000000000000000     0.063998956240000    -0.000000000000000
    -0.000000000000000    -0.000000000000000    -0.429039581280000
  13   1
    -0.139755503907429    -0.134658208454824     0.134658208454824
    -0.134658208454824    -0.139755503907429     0.134658208454824
     0.134658208454824     0.134658208454824    -0.139755503907429
  13   2
    -0.139755503907429     0.134658208454824    -0.134658208454824
     0.134658208454824    -0.139755503907429     0.134658208454824
    -0.134658208454824     0.134658208454824    -0.139755503907429
  13   3
    -0.139755503907429     0.134658208454824     0.134658208454824
     0.134658208454824    -0.139755503907429    -0.134658208454824
     0.134658208454824    -0.134658208454824    -0.139755503907429
  13   4
    -0.139755503907429    -0.134658208454824    -0.134658208454824
    -0.134658208454824    -0.139755503907429    -0.134658208454824
    -0.134658208454824    -0.134658208454824    -0.139755503907429
  13   5
    -0.139755503907429    -0.134658208454824    -0.134658208454824
    -0.134658208454824    -0.139755503907429    -0.134658208454824
    -0.134658208454824    -0.134658208454824    -0.139755503907429
  13   6
    -0.139755503907429     0.134658208454824     0.134658208454824
     0.134658208454824    -0.139755503907429    -0.134658208454824
     0.134658208454824    -0.134658208454824    -0.139755503907429
  13   7
    -0.139755503907429     0.134658208454824    -0.134658208454824
     0.134658208454824    -0.139755503907429     0.134658208454824
    -0.134658208454824     0.134658208454824    -0.139755503907429
  13   8
    -0.139755503907429    -0.134658208454824     0.134658208454824
    -0.134658208454824    -0.139755503907429     0.134658208454824
     0.134658208454824     0.134658208454824    -0.139755503907429
  13   9
     0.063998956240000    -0.000000000000000    -0.000000000000000
    -0.000000000000000     0.063998956240000    -0.000000000000000
    -0.000000000000000    -0.000000000000000    -0.429039581280000
  13  10
    -0.052240031600000     0.000000000000000     0.000000000000000
     0.000000000000000     0.039908769920000     0.000000000000000
     0.000000000000000     0.000000000000000    -0.052240031600000
  13  11
     0.039908769920000     0.000000000000000     0.000000000000000
     0.000000000000000    -0.052240031600000    -0.000000000000000
     0.000000000000000    -0.000000000000000    -0.052240031600000
  13  12
    -0.119983924880000    -0.000000000000000    -0.000000000000000
    -0.000000000000000    -0.119983924880000    -0.000000000000000
    -0.000000000000000    -0.000000000000000    -0.119983924880000
  13  13
     1.629699898960000     0.000000000000000    -0.000000000000000
     0.000000000000000     1.629699898960000    -0.000000000000000
    -0.000000000000000    -0.000000000000000     1.629699898960000
  13  14
    -0.429039581280000     0.000000000000000     0.000000000000000
     0.000000000000000     0.063998956240000     0.000000000000000
     0.000000000000000     0.000000000000000     0.063998956240000
  13  15
     0.063998956240000     0.000000000000000     0.000000000000000
     0.000000000000000    -0.429039581280000     0.000000000000000
     0.000000000000000     0.000000000000000     0.063998956240000
  13  16
    -0.052240031600000    -0.000000000000000     0.000000000000000
    -0.000000000000000    -0.052240031600000     0.000000000000000
     0.000000000000000     0.000000000000000     0.039908769920000
  14   1
    -0.139755503907429     0.134658208454824    -0.134658208454824
     0.134658208454824    -0.139755503907429     0.134658208454824
    -0.134658208454824     0.134658208454824    -0.139755503907429
  14   2
    -0.139755503907429    -0.134658208454824     0.134658208454824
    -0.134658208454824    -0.139755503907429     0.134658208454824
     0.134658208454824     0.134658208454824    -0.139755503907429
  14   3
    -0.139755503907429    -0.134658208454824    -0.134658208454824
    -0.134658208454824    -0.139755503907429    -0.134658208454824
    -0.134658208454824    -0.134658208454824    -0.139755503907429
  14   4
    -0.139755503907429     0.134658208454824     0.134658208454824
     0.134658208454824    -0.139755503907429    -0.134658208454824
     0.134658208454824    -0.134658208454824    -0.139755503907429
  14   5
    -0.139755503907429     0.134658208454824     0.134658208454824
     0.134658208454824    -0.139755503907429    -0.134658208454824
     0.134658208454824    -0.134658208454824    -0.139755503907429
  14   6
    -0.139755503907429    -0.134658208454824    -0.134658208454824
    -0.134658208454824    -0.139755503907429    -0.134658208454824
    -0.134658208454824    -0.134658208454824    -0.139755503907429
  14   7
    -0.139755503907429    -0.134658208454824     0.134658208454824
    -0.134658208454824    -0.139755503907429     0.134658208454824
     0.134658208454824     0.134658208454824    -0.139755503907429
  14   8
    -0.139755503907429     0.134658208454824    -0.134658208454824
     0.134658208454824    -0.139755503907429     0.134658208454824
    -0.134658208454824     0.134658208454824    -0.139755503907429
  14   9
    -0.052240031600000     0.000000000000000     0.000000000000000
     0.000000000000000     0.039908769920000     0.000000000000000
     0.000000000000000     0.000000000000000    -0.052240031600000
  14  10
     0.063998956240000    -0.000000000000000    -0.000000000000000
    -0.000000000000000     0.063998956240000    -0.000000000000000
    -0.000000000000000    -0.000000000000000    -0.429039581280000
  14  11
    -0.119983924880000    -0.000000000000000    -0.000000000000000
    -0.000000000000000    -0.119983924880000    -0.000000000000000
    -0.000000000000000    -0.000000000000000    -0.119983924880000
  14  12
     0.039908769920000     0.000000000000000     0.000000000000000
     0.000000000000000    -0.052240031600000    -0.000000000000000
     0.000000000000000    -0.000000000000000    -0.052240031600000
  14  13
    -0.429039581280000     0.000000000000000     0.000000000000000
     0.000000000000000     0.063998956240000     0.000000000000000
     0.000000000000000     0.000000000000000     0.063998956240000
  14  14
     1.629699898960000     0.000000000000000    -0.000000000000000
     0.000000000000000     1.629699898960000    -0.000000000000000
    -0.000000000000000    -0.000000000000000     1.629699898960000
  14  15
    -0.052240031600000    -0.000000000000000     0.000000000000000
    -0.000000000000000    -0.052240031600000     0.000000000000000
     0.000000000000000     0.000000000000000     0.039908769920000
  14  16
     0.063998956240000     0.000000000000000     0.000000000000000
     0.000000000000000    -0.429039581280000     0.000000000000000
     0.000000000000000     0.000000000000000     0.063998956240000
  15   1
    -0.139755503907429     0.134658208454824     0.134658208454824
     0.134658208454824    -0.139755503907429    -0.134658208454824
     0.134658208454824    -0.134658208454824    -0.139755503907429
  15   2
    -0.139755503907429    -0.134658208454824    -0.134658208454824
    -0.134658208454824    -0.139755503907429    -0.134658208454824
    -0.134658208454824    -0.134658208454824    -0.139755503907429
  15   3
    -0.139755503907429    -0.134658208454824     0.134658208454824
    -0.134658208454824    -0.139755503907429     0.134658208454824
     0.134658208454824     0.134658208454824    -0.139755503907429
  15   4
    -0.139755503907429     0.134658208454824    -0.134658208454824
     0.134658208454824    -0.139755503907429     0.134658208454824
    -0.134658208454824     0.134658208454824    -0.139755503907429
  15   5
    -0.139755503907429     0.134658208454824    -0.134658208454824
     0.134658208454824    -0.139755503907429     0.134658208454824
    -0.134658208454824     0.134658208454824    -0.139755503907429
  15   6
    -0.139755503907429    -0.134658208454824     0.134658208454824
    -0.134658208454824    -0.139755503907429     0.134658208454824
     0.134658208454824     0.134658208454824    -0.139755503907429
  15   7
    -0.139755503907429    -0.134658208454824    -0.134658208454824
    -0.134658208454824    -0.139755503907429    -0.134658208454824
    -0.134658208454824    -0.134658208454824    -0.139755503907429
  15   8
    -0.139755503907429     0.134658208454824     0.134658208454824
     0.134658208454824    -0.139755503907429    -0.134658208454824
     0.134658208454824    -0.134658208454824    -0.139755503907429
  15   9
     0.039908769920000     0.000000000000000     0.000000000000000
     0.000000000000000    -0.052240031600000    -0.000000000000000
     0.000000000000000    -0.000000000000000    -0.052240031600000
  15  10
    -0.119983924880000    -0.000000000000000    -0.000000000000000
    -0.000000000000000    -0.119983924880000    -0.000000000000000
    -0.000000000000000    -0.000000000000000    -0.119983924880000
  15  11
     0.063998956240000    -0.000000000000000    -0.000000000000000
    -0.000000000000000     0.063998956240000    -0.000000000000000
    -0.000000000000000    -0.000000000000000    -0.429039581280000
  15  12
    -0.052240031600000     0.000000000000000     0.000000000000000
     0.000000000000000     0.039908769920000     0.000000000000000
     0.000000000000000     0.000000000000000    -0.052240031600000
  15  13
     0.063998956240000     0.000000000000000     0.000000000000000
     0.000000000000000    -0.429039581280000     0.000000000000000
     0.000000000000000     0.000000000000000     0.063998956240000
  15  14
    -0.052240031600000    -0.000000000000000     0.000000000000000
    -0.000000000000000    -0.052240031600000     0.000000000000000
     0.000000000000000     0.000000000000000     0.039908769920000
  15  15
     1.629699898960000     0.000000000000000    -0.000000000000000
     0.000000000000000     1.629699898960000    -0.000000000000000
    -0.000000000000000    -0.000000000000000     1.629699898960000
  15  16
    -0.429039581280000     0.000000000000000     0.000000000000000
     0.000000000000000     0.063998956240000     0.000000000000000
     0.000000000000000     0.000000000000000     0.063998956240000
  16   1
    -0.139755503907429    -0.134658208454824    -0.134658208454824
    -0.134658208454824    -0.139755503907429    -0.134658208454824
    -0.134658208454824    -0.134658208454824    -0.139755503907429
  16   2
    -0.139755503907429     0.134658208454824     0.134658208454824
     0.134658208454824    -0.139755503907429    -0.134658208454824
     0.134658208454824    -0.134658208454824    -0.139755503907429
  16   3
    -0.139755503907429     0.134658208454824    -0.134658208454824
     0.134658208454824    -0.139755503907429     0.134658208454824
    -0.134658208454824     0.134658208454824    -0.139755503907429
  16   4
    -0.139755503907429    -0.134658208454824     0.134658208454824
    -0.134658208454824    -0.139755503907429     0.134658208454824
     0.134658208454824     0.134658208454824    -0.139755503907429
  16   5
    -0.139755503907429    -0.134658208454824     0.134658208454824
    -0.134658208454824    -0.139755503907429     0.134658208454824
     0.134658208454824     0.134658208454824    -0.139755503907429
  16   6
    -0.139755503907429     0.134658208454824    -0.134658208454824
     0.134658208454824    -0.139755503907429     0.134658208454824
    -0.134658208454824     0.134658208454824    -0.139755503907429
  16   7
    -0.139755503907429     0.134658208454824     0.134658208454824
     0.134658208454824    -0.139755503907429    -0.134658208454824
     0.134658208454824    -0.134658208454824    -0.139755503907429
  16   8
    -0.139755503907429    -0.134658208454824    -0.134658208454824
    -0.134658208454824    -0.139755503907429    -0.134658208454824
    -0.134658208454824    -0.134658208454824    -0.139755503907429
  16   9
    -0.119983924880000    -0.000000000000000    -0.000000000000000
    -0.000000000000000    -0.119983924880000    -0.000000000000000
    -0.000000000000000    -0.000000000000000    -0.119983924880000
  16  10
     0.039908769920000     0.000000000000000     0.000000000000000
     0.000000000000000    -0.052240031600000    -0.000000000000000
     0.000000000000000    -0.000000000000000    -0.052240031600000
  16  11
    -0.052240031600000     0.000000000000000     0.000000000000000
     0.000000000000000     0.039908769920000     0.000000000000000
     0.000000000000000     0.000000000000000    -0.052240031600000
  16  12
     0.063998956240000    -0.000000000000000    -0.000000000000000
    -0.000000000000000     0.063998956240000    -0.000000000000000
    -0.000000000000000    -0.000000000000000    -0.429039581280000
  16  13
    -0.052240031600000    -0.000000000000000     0.000000000000000
    -0.000000000000000    -0.052240031600000     0.000000000000000
     0.000000000000000     0.000000000000000     0.039908769920000
  16  14
     0.063998956240000     0.000000000000000     0.000000000000000
     0.000000000000000    -0.429039581280000     0.000000000000000
     0.000000000000000     0.000000000000000     0.063998956240000
  16  15
    -0.429039581280000     0.000000000000000     0.000000000000000
     0.000000000000000     0.063998956240000     0.000000000000000
     0.000000000000000     0.000000000000000     0.063998956240000
  16  16
     1.629699898960000     0.000000000000000    -0.000000000000000
     0.000000000000000     1.629699898960000    -0.000000000000000
    -0.000000000000000    -0.000000000000000     1.629699898960000
